%1B
IN;
PA;
SP 1;

PW 0.110000;
NP 8;
TR 1;
MC 1;
PU 1787.575000 1292.943611;
PD 6340.425000 1292.943611;
PD 6340.425000 5845.793611;
PD 1787.575000 5845.793611;
PD 1787.575000 1292.943611;
LA 3 2;
PD 6340.425000 5845.793611;
PU 1787.575000 5845.793611;
PD 6340.425000 1292.943611;
PU 4064.000000 3569.368611;
CI 2276.425000;
PU 1787.575000 3569.368611;
PD 6340.425000 3569.368611;
PU 4064.000000 1292.943611;
PD 4064.000000 5845.793611;
PU 2454.324446 1959.693057;
PD 5673.675554 1959.693057;
PD 5673.675554 5179.044166;
PD 2454.324446 5179.044166;
PD 2454.324446 1959.693057;
PU 3259.162223 4374.206389;
CI 804.837777;
PU 2454.324446 1959.693057;
PD 1649.486668 2764.530834;
PD 4064.000000 5179.044166;
PU 1649.486668 2764.530834;
PD 2454.324446 2764.530834;
LA 2 6;
PU 2454.324446 2764.530834;
PD 3259.162223 1959.693057;
PD 4064.000000 2764.530834;
PD 3259.162223 3569.368611;
PD 2454.324446 2764.530834;
LA 2 1;
PU 4064.000000 2764.530834;
PD 3259.162223 2764.530834;
PD 2454.324446 3569.368611;
PU 2977.469001 3569.368611;
PD 2977.469001 4655.899611;
PD 4064.000000 4655.899611;
PU 4064.000000 1292.943611;
PD 5673.675554 5179.044166;
PU 5121.314866 3845.527500;
PD 4340.158889 3845.527500;
PU 5673.675554 3148.873922;
PD 4484.412297 3148.956314;
PD 4064.000000 5179.044166;
LA 2 6;
PD 5673.675554 3148.873922;
PD 4064.000000 1292.943611;
LA 2 1;
PD 4484.412297 3148.956314;
PU 5121.334797 2512.033815;
PD 4340.140628 2512.033815;
PU 5121.334797 2512.033815;
PD 4876.313255 3254.041288;
PU 4340.140628 2512.033815;
PD 4221.663662 3254.041288;
PD 4340.158889 3845.527500;
PU 4876.313255 3254.041288;
PD 4221.663662 3254.041288;
PU 4775.858561 4281.227172;
PD 4949.321555 5179.044166;
PU 4064.000000 5179.044166;
PD;
BZ 3629.387600 5095.341037 3412.081400 4969.786344 2977.469001 4655.899611;
PU 5361.406837 5168.197613;
PD;
BZ 5361.406837,5168.197613,5353.192259,5171.240491,5344.773876,5173.760140;
BZ 5336.159999,5175.754074,5327.359126,5177.220324,5318.379944,5178.157444;
BZ 5309.231314,5178.564509,5299.922264,5178.441117,5290.461982,5177.787390;
BZ 5280.859804,5176.603973,5271.125205,5174.892033,5261.267793,5172.653262;
BZ 5251.297296,5169.889867,5241.223553,5166.604576,5231.056506,5162.800632;
BZ 5220.806188,5158.481787,5210.482717,5153.652305,5200.096278,5148.316952;
BZ 5189.657123,5142.480992,5179.175554,5136.150185,5168.661915,5129.330780;
BZ 5158.126582,5122.029505,5147.579951,5114.253567,5137.032431,5106.010639;
BZ 5126.494431,5097.308856,5115.976351,5088.156806,5105.488571,5078.563520;
BZ 5095.041441,5068.538467,5084.645270,5058.091539,5074.310320,5047.233047;
BZ 5064.046789,5035.973705,5053.864806,5024.324627,5043.774419,5012.297309;
BZ 5033.785587,4999.903619,5023.908167,4987.155789,5014.151907,4974.066399;
BZ 5004.526435,4960.648368,4995.041251,4946.914936,4985.705715,4932.879658;
BZ 4976.529040,4918.556385,4967.520283,4903.959251,4958.688334,4889.102662;
BZ 4950.041909,4874.001281,4941.589541,4858.670010,4933.339571,4843.123979;
BZ 4925.300142,4827.378531,4917.479188,4811.449204,4909.884425,4795.351719;
BZ 4902.523351,4779.101961,4895.403228,4762.715968,4888.531085,4746.209911;
BZ 4881.913702,4729.600078,4875.557611,4712.902863,4869.469084,4696.134742;
BZ 4863.654130,4679.312264,4858.118487,4662.452032,4852.867618,4645.570683;
BZ 4847.906706,4628.684877,4843.240646,4611.811280,4838.874044,4594.966543;
BZ 4834.811207,4578.167290,4831.056147,4561.430099,4827.612568,4544.771489;
BZ 4824.483869,4528.207899,4821.673138,4511.755676,4819.183149,4495.431056;
BZ 4817.016358,4479.250149,4815.174905,4463.228924,4813.660606,4447.383192;
BZ 4812.474957,4431.728591,4811.619126,4416.280571,4811.093959,4401.054375;
BZ 4810.899974,4386.065031,4811.037363,4371.327332,4811.505989,4356.855821;
BZ 4812.305391,4342.664781,4813.434779,4328.768216,4814.893038,4315.179841;
BZ 4816.678731,4301.913065,4818.790094,4288.980982,4821.225044,4276.396353;
BZ 4823.981178,4264.171598,4827.055775,4252.318782,4830.445802,4240.849602;
BZ 4834.147913,4229.775376,4838.158455,4219.107034,4842.473469,4208.855104;
BZ 4847.088698,4199.029703,4851.999585,4189.640528,4857.201286,4180.696844;
BZ 4862.688667,4172.207479,4868.456311,4164.180809,4874.498528,4156.624757;
BZ 4880.809355,4149.546779,4887.382562,4142.953861,4894.211664,4136.852509;
BZ 4901.289921,4131.248743,4908.610347,4126.148095,4916.165718,4121.555598;
BZ 4923.948578,4117.475785,4931.951246,4113.912681,4940.165825,4110.869803;
BZ 4948.584207,4108.350154,4957.198084,4106.356220,4965.998957,4104.889970;
BZ 4974.978139,4103.952850,4984.126769,4103.545785,4993.435819,4103.669177;
BZ 5002.896101,4104.322904,5012.498279,4105.506321,5022.232878,4107.218260;
BZ 5032.090290,4109.457032,5042.060788,4112.220427,5052.134531,4115.505718;
BZ 5062.301578,4119.309662,5072.551895,4123.628507,5082.875367,4128.457989;
BZ 5093.261805,4133.793342,5103.700960,4139.629302,5114.182529,4145.960108;
BZ 5124.696168,4152.779514,5135.231501,4160.080789,5145.778132,4167.856727;
BZ 5156.325652,4176.099655,5166.863652,4184.801438,5177.381732,4193.953488;
BZ 5187.869512,4203.546773,5198.316643,4213.571827,5208.712813,4224.018755;
BZ 5219.047763,4234.877247,5229.311294,4246.136589,5239.493277,4257.785667;
BZ 5249.583664,4269.812985,5259.572496,4282.206675,5269.449916,4294.954505;
BZ 5279.206176,4308.043895,5288.831648,4321.461926,5298.316832,4335.195358;
BZ 5307.652368,4349.230636,5316.829043,4363.553909,5325.837800,4378.151043;
BZ 5334.669749,4393.007632,5343.316174,4408.109013,5351.768542,4423.440284;
BZ 5360.018512,4438.986315,5368.057941,4454.731763,5375.878896,4470.661090;
BZ 5383.473658,4486.758575,5390.834732,4503.008333,5397.954855,4519.394326;
BZ 5404.826998,4535.900383,5411.444381,4552.510216,5417.800472,4569.207431;
BZ 5423.888999,4585.975552,5429.703954,4602.798030,5435.239596,4619.658263;
BZ 5440.490465,4636.539611,5445.451377,4653.425417,5450.117437,4670.299014;
BZ 5454.484040,4687.143751,5458.546876,4703.943004,5462.301936,4720.680195;
BZ 5465.745515,4737.338805,5468.874214,4753.902395,5471.684945,4770.354618;
BZ 5474.174934,4786.679238,5476.341725,4802.860145,5478.183178,4818.881370;
BZ 5479.697477,4834.727102,5480.883126,4850.381703,5481.738957,4865.829724;
BZ 5482.264124,4881.055919,5482.458109,4896.045263,5482.320720,4910.782962;
BZ 5481.852094,4925.254473,5481.052693,4939.445513,5479.923304,4953.342078;
BZ 5478.465045,4966.930453,5476.679352,4980.197229,5474.567989,4993.129312;
BZ 5472.133039,5005.713941,5469.376905,5017.938696,5466.302308,5029.791512;
BZ 5462.912281,5041.260692,5459.210170,5052.334918,5455.199628,5063.003260;
BZ 5450.884614,5073.255190,5446.269385,5083.080591,5441.358498,5092.469766;
BZ 5436.156797,5101.413450,5430.669416,5109.902815,5424.901772,5117.929485;
BZ 5418.859555,5125.485537,5412.548728,5132.563515,5405.975521,5139.156433;
BZ 5399.146419,5145.257785,5392.068162,5150.861551,5384.747736,5155.962199;
BZ 5377.192365,5160.554696,5369.409505,5164.634509,5361.406837,5168.197613;
PU;
PW 0.950000;
PU 1787.575000 4374.206389;
PD 6340.425000 4374.206389;
PD 6340.425000 8927.056389;
PD 1787.575000 8927.056389;
PD 1787.575000 4374.206389;
LA 3 2;
PD 6340.425000 8927.056389;
PU 1787.575000 8927.056389;
PD 6340.425000 4374.206389;
PU 4064.000000 6650.631389;
CI 2276.425000;
PU 1787.575000 6650.631389;
PD 6340.425000 6650.631389;
PU 4064.000000 4374.206389;
PD 4064.000000 8927.056389;
PU 2454.324446 5040.955834;
PD 5673.675554 5040.955834;
PD 5673.675554 8260.306943;
PD 2454.324446 8260.306943;
PD 2454.324446 5040.955834;
PU 3259.162223 7455.469166;
CI 804.837777;
PU 2454.324446 5040.955834;
PD 1649.486668 5845.793611;
PD 4064.000000 8260.306943;
PU 1649.486668 5845.793611;
PD 2454.324446 5845.793611;
LA 2 6;
PU 2454.324446 5845.793611;
PD 3259.162223 5040.955834;
PD 4064.000000 5845.793611;
PD 3259.162223 6650.631389;
PD 2454.324446 5845.793611;
LA 2 1;
PU 4064.000000 5845.793611;
PD 3259.162223 5845.793611;
PD 2454.324446 6650.631389;
PU 2977.469001 6650.631389;
PD 2977.469001 7737.162388;
PD 4064.000000 7737.162388;
PU 4064.000000 4374.206389;
PD 5673.675554 8260.306943;
PU 5121.314866 6926.790277;
PD 4340.158889 6926.790277;
PU 5673.675554 6230.136700;
PD 4484.412297 6230.219091;
PD 4064.000000 8260.306943;
LA 2 6;
PD 5673.675554 6230.136700;
PD 4064.000000 4374.206389;
LA 2 1;
PD 4484.412297 6230.219091;
PU 5121.334797 5593.296592;
PD 4340.140628 5593.296592;
PU 5121.334797 5593.296592;
PD 4876.313255 6335.304065;
PU 4340.140628 5593.296592;
PD 4221.663662 6335.304065;
PD 4340.158889 6926.790277;
PU 4876.313255 6335.304065;
PD 4221.663662 6335.304065;
PU 4775.858561 7362.489949;
PD 4949.321555 8260.306943;
PU 4064.000000 8260.306943;
PD;
BZ 3629.387600 8176.603814 3412.081400 8051.049121 2977.469001 7737.162388;
PU 5361.406837 8249.460390;
PD;
BZ 5361.406837,8249.460390,5353.192259,8252.503268,5344.773876,8255.022917;
BZ 5336.159999,8257.016851,5327.359126,8258.483101,5318.379944,8259.420221;
BZ 5309.231314,8259.827286,5299.922264,8259.703894,5290.461982,8259.050167;
BZ 5280.859804,8257.866750,5271.125205,8256.154811,5261.267793,8253.916039;
BZ 5251.297296,8251.152644,5241.223553,8247.867353,5231.056506,8244.063409;
BZ 5220.806188,8239.744564,5210.482717,8234.915082,5200.096278,8229.579729;
BZ 5189.657123,8223.743769,5179.175554,8217.412963,5168.661915,8210.593557;
BZ 5158.126582,8203.292283,5147.579951,8195.516344,5137.032431,8187.273416;
BZ 5126.494431,8178.571633,5115.976351,8169.419583,5105.488571,8159.826298;
BZ 5095.041441,8149.801244,5084.645270,8139.354316,5074.310320,8128.495824;
BZ 5064.046789,8117.236483,5053.864806,8105.587405,5043.774419,8093.560086;
BZ 5033.785587,8081.166396,5023.908167,8068.418566,5014.151907,8055.329176;
BZ 5004.526435,8041.911145,4995.041251,8028.177714,4985.705715,8014.142436;
BZ 4976.529040,7999.819162,4967.520283,7985.222028,4958.688334,7970.365440;
BZ 4950.041909,7955.264058,4941.589541,7939.932787,4933.339571,7924.386756;
BZ 4925.300142,7908.641308,4917.479188,7892.711981,4909.884425,7876.614496;
BZ 4902.523351,7860.364738,4895.403228,7843.978746,4888.531085,7827.472688;
BZ 4881.913702,7810.862856,4875.557611,7794.165640,4869.469084,7777.397519;
BZ 4863.654130,7760.575041,4858.118487,7743.714809,4852.867618,7726.833460;
BZ 4847.906706,7709.947655,4843.240646,7693.074057,4838.874044,7676.229320;
BZ 4834.811207,7659.430067,4831.056147,7642.692877,4827.612568,7626.034266;
BZ 4824.483869,7609.470677,4821.673138,7593.018453,4819.183149,7576.693833;
BZ 4817.016358,7560.512926,4815.174905,7544.491701,4813.660606,7528.645970;
BZ 4812.474957,7512.991369,4811.619126,7497.543348,4811.093959,7482.317152;
BZ 4810.899974,7467.327808,4811.037363,7452.590109,4811.505989,7438.118598;
BZ 4812.305391,7423.927558,4813.434779,7410.030993,4814.893038,7396.442618;
BZ 4816.678731,7383.175842,4818.790094,7370.243759,4821.225044,7357.659130;
BZ 4823.981178,7345.434375,4827.055775,7333.581559,4830.445802,7322.112379;
BZ 4834.147913,7311.038154,4838.158455,7300.369811,4842.473469,7290.117881;
BZ 4847.088698,7280.292480,4851.999585,7270.903305,4857.201286,7261.959621;
BZ 4862.688667,7253.470256,4868.456311,7245.443586,4874.498528,7237.887534;
BZ 4880.809355,7230.809556,4887.382562,7224.216638,4894.211664,7218.115286;
BZ 4901.289921,7212.511520,4908.610347,7207.410872,4916.165718,7202.818375;
BZ 4923.948578,7198.738562,4931.951246,7195.175458,4940.165825,7192.132580;
BZ 4948.584207,7189.612931,4957.198084,7187.618997,4965.998957,7186.152747;
BZ 4974.978139,7185.215627,4984.126769,7184.808562,4993.435819,7184.931954;
BZ 5002.896101,7185.585682,5012.498279,7186.769099,5022.232878,7188.481038;
BZ 5032.090290,7190.719809,5042.060788,7193.483204,5052.134531,7196.768495;
BZ 5062.301578,7200.572439,5072.551895,7204.891284,5082.875367,7209.720766;
BZ 5093.261805,7215.056119,5103.700960,7220.892079,5114.182529,7227.222886;
BZ 5124.696168,7234.042291,5135.231501,7241.343566,5145.778132,7249.119504;
BZ 5156.325652,7257.362432,5166.863652,7266.064215,5177.381732,7275.216265;
BZ 5187.869512,7284.809551,5198.316643,7294.834604,5208.712813,7305.281532;
BZ 5219.047763,7316.140025,5229.311294,7327.399366,5239.493277,7339.048444;
BZ 5249.583664,7351.075762,5259.572496,7363.469452,5269.449916,7376.217282;
BZ 5279.206176,7389.306672,5288.831648,7402.724703,5298.316832,7416.458135;
BZ 5307.652368,7430.493413,5316.829043,7444.816686,5325.837800,7459.413820;
BZ 5334.669749,7474.270409,5343.316174,7489.371790,5351.768542,7504.703061;
BZ 5360.018512,7520.249092,5368.057941,7535.994540,5375.878896,7551.923867;
BZ 5383.473658,7568.021353,5390.834732,7584.271110,5397.954855,7600.657103;
BZ 5404.826998,7617.163160,5411.444381,7633.772993,5417.800472,7650.470209;
BZ 5423.888999,7667.238329,5429.703954,7684.060807,5435.239596,7700.921040;
BZ 5440.490465,7717.802389,5445.451377,7734.688194,5450.117437,7751.561791;
BZ 5454.484040,7768.406528,5458.546876,7785.205781,5462.301936,7801.942972;
BZ 5465.745515,7818.601582,5468.874214,7835.165172,5471.684945,7851.617395;
BZ 5474.174934,7867.942015,5476.341725,7884.122922,5478.183178,7900.144147;
BZ 5479.697477,7915.989879,5480.883126,7931.644480,5481.738957,7947.092501;
BZ 5482.264124,7962.318696,5482.458109,7977.308040,5482.320720,7992.045739;
BZ 5481.852094,8006.517250,5481.052693,8020.708290,5479.923304,8034.604855;
BZ 5478.465045,8048.193230,5476.679352,8061.460006,5474.567989,8074.392090;
BZ 5472.133039,8086.976718,5469.376905,8099.201473,5466.302308,8111.054289;
BZ 5462.912281,8122.523469,5459.210170,8133.597695,5455.199628,8144.266037;
BZ 5450.884614,8154.517967,5446.269385,8164.343368,5441.358498,8173.732544;
BZ 5436.156797,8182.676227,5430.669416,8191.165593,5424.901772,8199.192262;
BZ 5418.859555,8206.748314,5412.548728,8213.826292,5405.975521,8220.419210;
BZ 5399.146419,8226.520563,5392.068162,8232.124328,5384.747736,8237.224976;
BZ 5377.192365,8241.817473,5369.409505,8245.897286,5361.406837,8249.460390;
PU;
PU 4484.412297 6230.219091;
PM 0;
PU 4484.412297 6230.219091;
PU 4340.140628 5593.296592;
PU 4221.663662 6335.304065;
PU 4340.158889 6926.790277;
PU 4484.412297 6230.219091;
PM 2;
SP 2;
SP 1;
PU 3259.162223 5040.955834;
PM 0;
PU 3259.162223 5040.955834;
PU 4064.000000 5845.793611;
PU 3259.162223 6650.631389;
PU 2454.324446 5845.793611;
PU 3259.162223 5040.955834;
PM 2;
SP 4;
SP 1;
PU 5361.406837 8249.460390;
PM 0;
BZ 5361.406837,8249.460390,5353.192259,8252.503268,5344.773876,8255.022917;
BZ 5336.159999,8257.016851,5327.359126,8258.483101,5318.379944,8259.420221;
BZ 5309.231314,8259.827286,5299.922264,8259.703894,5290.461982,8259.050167;
BZ 5280.859804,8257.866750,5271.125205,8256.154811,5261.267793,8253.916039;
BZ 5251.297296,8251.152644,5241.223553,8247.867353,5231.056506,8244.063409;
BZ 5220.806188,8239.744564,5210.482717,8234.915082,5200.096278,8229.579729;
BZ 5189.657123,8223.743769,5179.175554,8217.412963,5168.661915,8210.593557;
BZ 5158.126582,8203.292283,5147.579951,8195.516344,5137.032431,8187.273416;
BZ 5126.494431,8178.571633,5115.976351,8169.419583,5105.488571,8159.826298;
BZ 5095.041441,8149.801244,5084.645270,8139.354316,5074.310320,8128.495824;
BZ 5064.046789,8117.236483,5053.864806,8105.587405,5043.774419,8093.560086;
BZ 5033.785587,8081.166396,5023.908167,8068.418566,5014.151907,8055.329176;
BZ 5004.526435,8041.911145,4995.041251,8028.177714,4985.705715,8014.142436;
BZ 4976.529040,7999.819162,4967.520283,7985.222028,4958.688334,7970.365440;
BZ 4950.041909,7955.264058,4941.589541,7939.932787,4933.339571,7924.386756;
BZ 4925.300142,7908.641308,4917.479188,7892.711981,4909.884425,7876.614496;
BZ 4902.523351,7860.364738,4895.403228,7843.978746,4888.531085,7827.472688;
BZ 4881.913702,7810.862856,4875.557611,7794.165640,4869.469084,7777.397519;
BZ 4863.654130,7760.575041,4858.118487,7743.714809,4852.867618,7726.833460;
BZ 4847.906706,7709.947655,4843.240646,7693.074057,4838.874044,7676.229320;
BZ 4834.811207,7659.430067,4831.056147,7642.692877,4827.612568,7626.034266;
BZ 4824.483869,7609.470677,4821.673138,7593.018453,4819.183149,7576.693833;
BZ 4817.016358,7560.512926,4815.174905,7544.491701,4813.660606,7528.645970;
BZ 4812.474957,7512.991369,4811.619126,7497.543348,4811.093959,7482.317152;
BZ 4810.899974,7467.327808,4811.037363,7452.590109,4811.505989,7438.118598;
BZ 4812.305391,7423.927558,4813.434779,7410.030993,4814.893038,7396.442618;
BZ 4816.678731,7383.175842,4818.790094,7370.243759,4821.225044,7357.659130;
BZ 4823.981178,7345.434375,4827.055775,7333.581559,4830.445802,7322.112379;
BZ 4834.147913,7311.038154,4838.158455,7300.369811,4842.473469,7290.117881;
BZ 4847.088698,7280.292480,4851.999585,7270.903305,4857.201286,7261.959621;
BZ 4862.688667,7253.470256,4868.456311,7245.443586,4874.498528,7237.887534;
BZ 4880.809355,7230.809556,4887.382562,7224.216638,4894.211664,7218.115286;
BZ 4901.289921,7212.511520,4908.610347,7207.410872,4916.165718,7202.818375;
BZ 4923.948578,7198.738562,4931.951246,7195.175458,4940.165825,7192.132580;
BZ 4948.584207,7189.612931,4957.198084,7187.618997,4965.998957,7186.152747;
BZ 4974.978139,7185.215627,4984.126769,7184.808562,4993.435819,7184.931954;
BZ 5002.896101,7185.585682,5012.498279,7186.769099,5022.232878,7188.481038;
BZ 5032.090290,7190.719809,5042.060788,7193.483204,5052.134531,7196.768495;
BZ 5062.301578,7200.572439,5072.551895,7204.891284,5082.875367,7209.720766;
BZ 5093.261805,7215.056119,5103.700960,7220.892079,5114.182529,7227.222886;
BZ 5124.696168,7234.042291,5135.231501,7241.343566,5145.778132,7249.119504;
BZ 5156.325652,7257.362432,5166.863652,7266.064215,5177.381732,7275.216265;
BZ 5187.869512,7284.809551,5198.316643,7294.834604,5208.712813,7305.281532;
BZ 5219.047763,7316.140025,5229.311294,7327.399366,5239.493277,7339.048444;
BZ 5249.583664,7351.075762,5259.572496,7363.469452,5269.449916,7376.217282;
BZ 5279.206176,7389.306672,5288.831648,7402.724703,5298.316832,7416.458135;
BZ 5307.652368,7430.493413,5316.829043,7444.816686,5325.837800,7459.413820;
BZ 5334.669749,7474.270409,5343.316174,7489.371790,5351.768542,7504.703061;
BZ 5360.018512,7520.249092,5368.057941,7535.994540,5375.878896,7551.923867;
BZ 5383.473658,7568.021353,5390.834732,7584.271110,5397.954855,7600.657103;
BZ 5404.826998,7617.163160,5411.444381,7633.772993,5417.800472,7650.470209;
BZ 5423.888999,7667.238329,5429.703954,7684.060807,5435.239596,7700.921040;
BZ 5440.490465,7717.802389,5445.451377,7734.688194,5450.117437,7751.561791;
BZ 5454.484040,7768.406528,5458.546876,7785.205781,5462.301936,7801.942972;
BZ 5465.745515,7818.601582,5468.874214,7835.165172,5471.684945,7851.617395;
BZ 5474.174934,7867.942015,5476.341725,7884.122922,5478.183178,7900.144147;
BZ 5479.697477,7915.989879,5480.883126,7931.644480,5481.738957,7947.092501;
BZ 5482.264124,7962.318696,5482.458109,7977.308040,5482.320720,7992.045739;
BZ 5481.852094,8006.517250,5481.052693,8020.708290,5479.923304,8034.604855;
BZ 5478.465045,8048.193230,5476.679352,8061.460006,5474.567989,8074.392090;
BZ 5472.133039,8086.976718,5469.376905,8099.201473,5466.302308,8111.054289;
BZ 5462.912281,8122.523469,5459.210170,8133.597695,5455.199628,8144.266037;
BZ 5450.884614,8154.517967,5446.269385,8164.343368,5441.358498,8173.732544;
BZ 5436.156797,8182.676227,5430.669416,8191.165593,5424.901772,8199.192262;
BZ 5418.859555,8206.748314,5412.548728,8213.826292,5405.975521,8220.419210;
BZ 5399.146419,8226.520563,5392.068162,8232.124328,5384.747736,8237.224976;
BZ 5377.192365,8241.817473,5369.409505,8245.897286,5361.406837,8249.460390;
PM 2;
SP 2;
SP 1;
PU 5121.334797 5593.296592;
PM 0;
PU 5121.334797 5593.296592;
PU 5673.675554 6230.136700;
PU 5673.675554 5040.955834;
PU 5121.334797 5593.296592;
PM 2;
SP 3;
SP 1;
%1A

