%1B
IN;
PA;
SP 1;

PW 0.050000;
NP 8;
TR 1;
MC 1;
PU 3569.125000 4280.205133;
PD 4558.875000 4280.205133;
PD 4558.875000 5269.955133;
PD 3569.125000 5269.955133;
PD 3569.125000 4280.205133;
LA 3 2;
PD 4558.875000 5269.955133;
PU 3569.125000 5269.955133;
PD 4558.875000 4280.205133;
PU 4064.000000 4775.080133;
CI 494.875000;
PU 3569.125000 4775.080133;
PD 4558.875000 4775.080133;
PU 4064.000000 4280.205133;
PD 4064.000000 5269.955133;
PU 3714.070532 4425.150665;
PD 4413.929468 4425.150665;
PD 4413.929468 5125.009601;
PD 3714.070532 5125.009601;
PD 3714.070532 4425.150665;
PU 3889.035266 4950.044867;
CI 174.964734;
PU 3714.070532 4425.150665;
PD 3539.105797 4600.115399;
PD 4064.000000 5125.009601;
PU 3539.105797 4600.115399;
PD 3714.070532 4600.115399;
LA 2 6;
PU 3714.070532 4600.115399;
PD 3889.035266 4425.150665;
PD 4064.000000 4600.115399;
PD 3889.035266 4775.080133;
PD 3714.070532 4600.115399;
LA 2 1;
PU 4064.000000 4600.115399;
PD 3889.035266 4600.115399;
PD 3714.070532 4775.080133;
PU 3827.797609 4775.080133;
PD 3827.797609 5011.282524;
PD 4064.000000 5011.282524;
PU 4064.000000 4280.205133;
PD 4413.929468 5125.009601;
PU 4293.846015 4835.102500;
PD 4124.022367 4835.102500;
PU 4413.929468 4683.640027;
PD 4155.365767 4683.714366;
PD 4064.000000 5125.009601;
LA 2 6;
PD 4413.929468 4683.640027;
PD 4064.000000 4280.205133;
LA 2 1;
PD 4155.365767 4683.714366;
PU 4293.864000 4545.216133;
PD 4124.005896 4545.216133;
PU 4293.864000 4545.216133;
PD 4240.593465 4706.539471;
PU 4124.005896 4545.216133;
PD 4098.270331 4706.539471;
PD 4124.022367 4835.102500;
PU 4240.593465 4706.539471;
PD 4098.270331 4706.539471;
PU 4218.746343 4929.826476;
PD 4256.461208 5125.009601;
PU 4064.000000 5125.009601;
PD;
BZ 3969.519044 5106.813269 3922.278565 5079.518770 3827.797609 5011.282524;
PU 4346.044918 5122.651562;
PD;
BZ 4346.044918,5122.651562,4344.259070,5123.313090,4342.428915,5123.860867;
BZ 4340.556258,5124.294354,4338.642948,5124.613123,4336.690874,5124.816859;
BZ 4334.701961,5124.905361,4332.678172,5124.878542,4330.621505,5124.736428;
BZ 4328.533990,5124.479159,4326.417686,5124.106990,4324.274682,5123.620287;
BZ 4322.107093,5123.019531,4319.917058,5122.305315,4317.706738,5121.478344;
BZ 4315.478315,5120.539434,4313.233988,5119.489510,4310.975972,5118.329611;
BZ 4308.706494,5117.060879,4306.427796,5115.684568,4304.142125,5114.202036;
BZ 4301.851737,5112.614745,4299.558894,5110.924262,4297.265856,5109.132255;
BZ 4294.974888,5107.240494,4292.688250,5105.250844,4290.408199,5103.165269;
BZ 4288.136985,5100.985828,4285.876850,5098.714672,4283.630023,5096.354041;
BZ 4281.398723,5093.906266,4279.185151,5091.373762,4276.991492,5088.759028;
BZ 4274.819910,5086.064645,4272.672550,5083.293272,4270.551529,5080.447644;
BZ 4268.458942,5077.530568,4266.396853,5074.544925,4264.367297,5071.493660;
BZ 4262.372277,5068.379785,4260.413763,5065.206372,4258.493686,5061.976554;
BZ 4256.613942,5058.693518,4254.776386,5055.360503,4252.982832,5051.980800;
BZ 4251.235049,5048.557743,4249.534762,5045.094711,4247.883649,5041.595120;
BZ 4246.283340,5038.062426,4244.735414,5034.500114,4243.241398,5030.911700;
BZ 4241.802767,5027.300725,4240.420941,5023.670752,4239.097284,5020.025365;
BZ 4237.833101,5016.368160,4236.629640,5012.702748,4235.488090,5009.032744;
BZ 4234.409576,5005.361771,4233.395163,5001.693452,4232.445852,4998.031407;
BZ 4231.562579,4994.379250,4230.746218,4990.740586,4229.997572,4987.119004;
BZ 4229.317382,4983.518080,4228.706318,4979.941367,4228.164983,4976.392394;
BZ 4227.693912,4972.874665,4227.293569,4969.391650,4226.964350,4965.946787;
BZ 4226.706579,4962.543476,4226.520512,4959.185075,4226.406330,4955.874898;
BZ 4226.364148,4952.616213,4226.394007,4949.412236,4226.495876,4946.266127;
BZ 4226.669657,4943.180993,4226.915177,4940.159878,4227.232194,4937.205762;
BZ 4227.620395,4934.321563,4228.079397,4931.510125,4228.608747,4928.774223;
BZ 4229.207923,4926.116559,4229.876333,4923.539753,4230.613317,4921.046350;
BZ 4231.418149,4918.638809,4232.290035,4916.319508,4233.228112,4914.090734;
BZ 4234.231457,4911.954688,4235.299079,4909.913477,4236.429923,4907.969116;
BZ 4237.622875,4906.123523,4238.876756,4904.378520,4240.190330,4902.735830;
BZ 4241.562299,4901.197072,4242.991311,4899.763767,4244.475954,4898.437328;
BZ 4246.014765,4897.219064,4247.606223,4896.110178,4249.248758,4895.111763;
BZ 4250.940750,4894.224806,4252.680529,4893.450182,4254.466377,4892.788654;
BZ 4256.296533,4892.240877,4258.169189,4891.807390,4260.082499,4891.488621;
BZ 4262.034574,4891.284885,4264.023487,4891.196383,4266.047275,4891.223202;
BZ 4268.103942,4891.365316,4270.191457,4891.622585,4272.307761,4891.994754;
BZ 4274.450765,4892.481457,4276.618354,4893.082213,4278.808389,4893.796429;
BZ 4281.018709,4894.623400,4283.247132,4895.562311,4285.491459,4896.612234;
BZ 4287.749476,4897.772133,4290.018953,4899.040865,4292.297651,4900.417176;
BZ 4294.583322,4901.899708,4296.873710,4903.486999,4299.166554,4905.177482;
BZ 4301.459591,4906.969489,4303.750559,4908.861250,4306.037197,4910.850900;
BZ 4308.317248,4912.936475,4310.588462,4915.115916,4312.848597,4917.387072;
BZ 4315.095424,4919.747703,4317.326724,4922.195478,4319.540296,4924.727982;
BZ 4321.733955,4927.342716,4323.905537,4930.037099,4326.052897,4932.808472;
BZ 4328.173918,4935.654101,4330.266505,4938.571176,4332.328595,4941.556819;
BZ 4334.358151,4944.608084,4336.353170,4947.721959,4338.311685,4950.895372;
BZ 4340.231761,4954.125190,4342.111505,4957.408226,4343.949061,4960.741241;
BZ 4345.742615,4964.120944,4347.490399,4967.544001,4349.190685,4971.007033;
BZ 4350.841798,4974.506624,4352.442107,4978.039318,4353.990034,4981.601630;
BZ 4355.484049,4985.190044,4356.922680,4988.801019,4358.304506,4992.430992;
BZ 4359.628164,4996.076379,4360.892346,4999.733584,4362.095807,5003.398997;
BZ 4363.237357,5007.069000,4364.315871,5010.739973,4365.330284,5014.408292;
BZ 4366.279596,5018.070337,4367.162868,5021.722494,4367.979229,5025.361158;
BZ 4368.727875,5028.982740,4369.408065,5032.583664,4370.019129,5036.160377;
BZ 4370.560464,5039.709350,4371.031535,5043.227079,4371.431878,5046.710094;
BZ 4371.761097,5050.154957,4372.018868,5053.558269,4372.204936,5056.916669;
BZ 4372.319117,5060.226846,4372.361299,5063.485531,4372.331441,5066.689508;
BZ 4372.229571,5069.835617,4372.055790,5072.920751,4371.810270,5075.941866;
BZ 4371.493253,5078.895982,4371.105052,5081.780181,4370.646050,5084.591619;
BZ 4370.116700,5087.327521,4369.517524,5089.985185,4368.849114,5092.561991;
BZ 4368.112130,5095.055394,4367.307298,5097.462935,4366.435413,5099.782236;
BZ 4365.497335,5102.011010,4364.493990,5104.147056,4363.426369,5106.188267;
BZ 4362.295524,5108.132628,4361.102573,5109.978221,4359.848691,5111.723224;
BZ 4358.535118,5113.365914,4357.163148,5114.904672,4355.734136,5116.337977;
BZ 4354.249493,5117.664416,4352.710683,5118.882680,4351.119225,5119.991567;
BZ 4349.476689,5120.989981,4347.784697,5121.876938,4346.044918,5122.651562;
PU;
PW 0.250000;
PU 3569.125000 4950.044867;
PD 4558.875000 4950.044867;
PD 4558.875000 5939.794867;
PD 3569.125000 5939.794867;
PD 3569.125000 4950.044867;
LA 3 2;
PD 4558.875000 5939.794867;
PU 3569.125000 5939.794867;
PD 4558.875000 4950.044867;
PU 4064.000000 5444.919867;
CI 494.875000;
PU 3569.125000 5444.919867;
PD 4558.875000 5444.919867;
PU 4064.000000 4950.044867;
PD 4064.000000 5939.794867;
PU 3714.070532 5094.990399;
PD 4413.929468 5094.990399;
PD 4413.929468 5794.849335;
PD 3714.070532 5794.849335;
PD 3714.070532 5094.990399;
PU 3889.035266 5619.884601;
CI 174.964734;
PU 3714.070532 5094.990399;
PD 3539.105797 5269.955133;
PD 4064.000000 5794.849335;
PU 3539.105797 5269.955133;
PD 3714.070532 5269.955133;
LA 2 6;
PU 3714.070532 5269.955133;
PD 3889.035266 5094.990399;
PD 4064.000000 5269.955133;
PD 3889.035266 5444.919867;
PD 3714.070532 5269.955133;
LA 2 1;
PU 4064.000000 5269.955133;
PD 3889.035266 5269.955133;
PD 3714.070532 5444.919867;
PU 3827.797609 5444.919867;
PD 3827.797609 5681.122258;
PD 4064.000000 5681.122258;
PU 4064.000000 4950.044867;
PD 4413.929468 5794.849335;
PU 4293.846015 5504.942234;
PD 4124.022367 5504.942234;
PU 4413.929468 5353.479761;
PD 4155.365767 5353.554100;
PD 4064.000000 5794.849335;
LA 2 6;
PD 4413.929468 5353.479761;
PD 4064.000000 4950.044867;
LA 2 1;
PD 4155.365767 5353.554100;
PU 4293.864000 5215.055867;
PD 4124.005896 5215.055867;
PU 4293.864000 5215.055867;
PD 4240.593465 5376.379205;
PU 4124.005896 5215.055867;
PD 4098.270331 5376.379205;
PD 4124.022367 5504.942234;
PU 4240.593465 5376.379205;
PD 4098.270331 5376.379205;
PU 4218.746343 5599.666210;
PD 4256.461208 5794.849335;
PU 4064.000000 5794.849335;
PD;
BZ 3969.519044 5776.653003 3922.278565 5749.358505 3827.797609 5681.122258;
PU 4346.044918 5792.491297;
PD;
BZ 4346.044918,5792.491297,4344.259070,5793.152824,4342.428915,5793.700602;
BZ 4340.556258,5794.134089,4338.642948,5794.452857,4336.690874,5794.656593;
BZ 4334.701961,5794.745095,4332.678172,5794.718276,4330.621505,5794.576162;
BZ 4328.533990,5794.318893,4326.417686,5793.946724,4324.274682,5793.460021;
BZ 4322.107093,5792.859265,4319.917058,5792.145049,4317.706738,5791.318078;
BZ 4315.478315,5790.379168,4313.233988,5789.329245,4310.975972,5788.169345;
BZ 4308.706494,5786.900614,4306.427796,5785.524302,4304.142125,5784.041770;
BZ 4301.851737,5782.454479,4299.558894,5780.763996,4297.265856,5778.971989;
BZ 4294.974888,5777.080228,4292.688250,5775.090578,4290.408199,5773.005003;
BZ 4288.136985,5770.825563,4285.876850,5768.554406,4283.630023,5766.193775;
BZ 4281.398723,5763.746000,4279.185151,5761.213496,4276.991492,5758.598762;
BZ 4274.819910,5755.904379,4272.672550,5753.133006,4270.551529,5750.287378;
BZ 4268.458942,5747.370303,4266.396853,5744.384659,4264.367297,5741.333394;
BZ 4262.372277,5738.219519,4260.413763,5735.046106,4258.493686,5731.816288;
BZ 4256.613942,5728.533252,4254.776386,5725.200237,4252.982832,5721.820534;
BZ 4251.235049,5718.397477,4249.534762,5714.934445,4247.883649,5711.434855;
BZ 4246.283340,5707.902160,4244.735414,5704.339848,4243.241398,5700.751434;
BZ 4241.802767,5697.140459,4240.420941,5693.510487,4239.097284,5689.865099;
BZ 4237.833101,5686.207895,4236.629640,5682.542482,4235.488090,5678.872478;
BZ 4234.409576,5675.201505,4233.395163,5671.533186,4232.445852,5667.871142;
BZ 4231.562579,5664.218985,4230.746218,5660.580320,4229.997572,5656.958739;
BZ 4229.317382,5653.357814,4228.706318,5649.781101,4228.164983,5646.232128;
BZ 4227.693912,5642.714399,4227.293569,5639.231384,4226.964350,5635.786521;
BZ 4226.706579,5632.383210,4226.520512,5629.024809,4226.406330,5625.714632;
BZ 4226.364148,5622.455948,4226.394007,5619.251970,4226.495876,5616.105862;
BZ 4226.669657,5613.020727,4226.915177,5609.999612,4227.232194,5607.045497;
BZ 4227.620395,5604.161297,4228.079397,5601.349859,4228.608747,5598.613958;
BZ 4229.207923,5595.956293,4229.876333,5593.379487,4230.613317,5590.886084;
BZ 4231.418149,5588.478544,4232.290035,5586.159242,4233.228112,5583.930468;
BZ 4234.231457,5581.794422,4235.299079,5579.753211,4236.429923,5577.808850;
BZ 4237.622875,5575.963257,4238.876756,5574.218255,4240.190330,5572.575564;
BZ 4241.562299,5571.036807,4242.991311,5569.603501,4244.475954,5568.277062;
BZ 4246.014765,5567.058798,4247.606223,5565.949912,4249.248758,5564.951497;
BZ 4250.940750,5564.064540,4252.680529,5563.289916,4254.466377,5562.628388;
BZ 4256.296533,5562.080611,4258.169189,5561.647124,4260.082499,5561.328355;
BZ 4262.034574,5561.124619,4264.023487,5561.036117,4266.047275,5561.062936;
BZ 4268.103942,5561.205051,4270.191457,5561.462319,4272.307761,5561.834489;
BZ 4274.450765,5562.321191,4276.618354,5562.921947,4278.808389,5563.636163;
BZ 4281.018709,5564.463134,4283.247132,5565.402045,4285.491459,5566.451968;
BZ 4287.749476,5567.611867,4290.018953,5568.880599,4292.297651,5570.256910;
BZ 4294.583322,5571.739443,4296.873710,5573.326734,4299.166554,5575.017216;
BZ 4301.459591,5576.809223,4303.750559,5578.700985,4306.037197,5580.690634;
BZ 4308.317248,5582.776209,4310.588462,5584.955650,4312.848597,5587.226806;
BZ 4315.095424,5589.587437,4317.326724,5592.035212,4319.540296,5594.567716;
BZ 4321.733955,5597.182450,4323.905537,5599.876833,4326.052897,5602.648206;
BZ 4328.173918,5605.493835,4330.266505,5608.410910,4332.328595,5611.396553;
BZ 4334.358151,5614.447818,4336.353170,5617.561693,4338.311685,5620.735106;
BZ 4340.231761,5623.964924,4342.111505,5627.247960,4343.949061,5630.580975;
BZ 4345.742615,5633.960678,4347.490399,5637.383735,4349.190685,5640.846768;
BZ 4350.841798,5644.346358,4352.442107,5647.879052,4353.990034,5651.441364;
BZ 4355.484049,5655.029778,4356.922680,5658.640753,4358.304506,5662.270726;
BZ 4359.628164,5665.916113,4360.892346,5669.573318,4362.095807,5673.238731;
BZ 4363.237357,5676.908734,4364.315871,5680.579707,4365.330284,5684.248026;
BZ 4366.279596,5687.910071,4367.162868,5691.562228,4367.979229,5695.200892;
BZ 4368.727875,5698.822474,4369.408065,5702.423398,4370.019129,5706.000111;
BZ 4370.560464,5709.549084,4371.031535,5713.066814,4371.431878,5716.549829;
BZ 4371.761097,5719.994691,4372.018868,5723.398003,4372.204936,5726.756404;
BZ 4372.319117,5730.066580,4372.361299,5733.325265,4372.331441,5736.529242;
BZ 4372.229571,5739.675351,4372.055790,5742.760485,4371.810270,5745.781601;
BZ 4371.493253,5748.735716,4371.105052,5751.619916,4370.646050,5754.431353;
BZ 4370.116700,5757.167255,4369.517524,5759.824920,4368.849114,5762.401725;
BZ 4368.112130,5764.895129,4367.307298,5767.302669,4366.435413,5769.621970;
BZ 4365.497335,5771.850744,4364.493990,5773.986790,4363.426369,5776.028001;
BZ 4362.295524,5777.972363,4361.102573,5779.817955,4359.848691,5781.562958;
BZ 4358.535118,5783.205648,4357.163148,5784.744406,4355.734136,5786.177711;
BZ 4354.249493,5787.504151,4352.710683,5788.722414,4351.119225,5789.831301;
BZ 4349.476689,5790.829715,4347.784697,5791.716672,4346.044918,5792.491297;
PU;
PU 4155.365767 5353.554100;
PM 0;
PU 4155.365767 5353.554100;
PU 4124.005896 5215.055867;
PU 4098.270331 5376.379205;
PU 4124.022367 5504.942234;
PU 4155.365767 5353.554100;
PM 2;
SP 2;
FP;
SP 1;
PU 3889.035266 5094.990399;
PM 0;
PU 3889.035266 5094.990399;
PU 4064.000000 5269.955133;
PU 3889.035266 5444.919867;
PU 3714.070532 5269.955133;
PU 3889.035266 5094.990399;
PM 2;
SP 4;
FP;
SP 1;
PU 4346.044918 5792.491297;
PM 0;
BZ 4346.044918,5792.491297,4344.259070,5793.152824,4342.428915,5793.700602;
BZ 4340.556258,5794.134089,4338.642948,5794.452857,4336.690874,5794.656593;
BZ 4334.701961,5794.745095,4332.678172,5794.718276,4330.621505,5794.576162;
BZ 4328.533990,5794.318893,4326.417686,5793.946724,4324.274682,5793.460021;
BZ 4322.107093,5792.859265,4319.917058,5792.145049,4317.706738,5791.318078;
BZ 4315.478315,5790.379168,4313.233988,5789.329245,4310.975972,5788.169345;
BZ 4308.706494,5786.900614,4306.427796,5785.524302,4304.142125,5784.041770;
BZ 4301.851737,5782.454479,4299.558894,5780.763996,4297.265856,5778.971989;
BZ 4294.974888,5777.080228,4292.688250,5775.090578,4290.408199,5773.005003;
BZ 4288.136985,5770.825563,4285.876850,5768.554406,4283.630023,5766.193775;
BZ 4281.398723,5763.746000,4279.185151,5761.213496,4276.991492,5758.598762;
BZ 4274.819910,5755.904379,4272.672550,5753.133006,4270.551529,5750.287378;
BZ 4268.458942,5747.370303,4266.396853,5744.384659,4264.367297,5741.333394;
BZ 4262.372277,5738.219519,4260.413763,5735.046106,4258.493686,5731.816288;
BZ 4256.613942,5728.533252,4254.776386,5725.200237,4252.982832,5721.820534;
BZ 4251.235049,5718.397477,4249.534762,5714.934445,4247.883649,5711.434855;
BZ 4246.283340,5707.902160,4244.735414,5704.339848,4243.241398,5700.751434;
BZ 4241.802767,5697.140459,4240.420941,5693.510487,4239.097284,5689.865099;
BZ 4237.833101,5686.207895,4236.629640,5682.542482,4235.488090,5678.872478;
BZ 4234.409576,5675.201505,4233.395163,5671.533186,4232.445852,5667.871142;
BZ 4231.562579,5664.218985,4230.746218,5660.580320,4229.997572,5656.958739;
BZ 4229.317382,5653.357814,4228.706318,5649.781101,4228.164983,5646.232128;
BZ 4227.693912,5642.714399,4227.293569,5639.231384,4226.964350,5635.786521;
BZ 4226.706579,5632.383210,4226.520512,5629.024809,4226.406330,5625.714632;
BZ 4226.364148,5622.455948,4226.394007,5619.251970,4226.495876,5616.105862;
BZ 4226.669657,5613.020727,4226.915177,5609.999612,4227.232194,5607.045497;
BZ 4227.620395,5604.161297,4228.079397,5601.349859,4228.608747,5598.613958;
BZ 4229.207923,5595.956293,4229.876333,5593.379487,4230.613317,5590.886084;
BZ 4231.418149,5588.478544,4232.290035,5586.159242,4233.228112,5583.930468;
BZ 4234.231457,5581.794422,4235.299079,5579.753211,4236.429923,5577.808850;
BZ 4237.622875,5575.963257,4238.876756,5574.218255,4240.190330,5572.575564;
BZ 4241.562299,5571.036807,4242.991311,5569.603501,4244.475954,5568.277062;
BZ 4246.014765,5567.058798,4247.606223,5565.949912,4249.248758,5564.951497;
BZ 4250.940750,5564.064540,4252.680529,5563.289916,4254.466377,5562.628388;
BZ 4256.296533,5562.080611,4258.169189,5561.647124,4260.082499,5561.328355;
BZ 4262.034574,5561.124619,4264.023487,5561.036117,4266.047275,5561.062936;
BZ 4268.103942,5561.205051,4270.191457,5561.462319,4272.307761,5561.834489;
BZ 4274.450765,5562.321191,4276.618354,5562.921947,4278.808389,5563.636163;
BZ 4281.018709,5564.463134,4283.247132,5565.402045,4285.491459,5566.451968;
BZ 4287.749476,5567.611867,4290.018953,5568.880599,4292.297651,5570.256910;
BZ 4294.583322,5571.739443,4296.873710,5573.326734,4299.166554,5575.017216;
BZ 4301.459591,5576.809223,4303.750559,5578.700985,4306.037197,5580.690634;
BZ 4308.317248,5582.776209,4310.588462,5584.955650,4312.848597,5587.226806;
BZ 4315.095424,5589.587437,4317.326724,5592.035212,4319.540296,5594.567716;
BZ 4321.733955,5597.182450,4323.905537,5599.876833,4326.052897,5602.648206;
BZ 4328.173918,5605.493835,4330.266505,5608.410910,4332.328595,5611.396553;
BZ 4334.358151,5614.447818,4336.353170,5617.561693,4338.311685,5620.735106;
BZ 4340.231761,5623.964924,4342.111505,5627.247960,4343.949061,5630.580975;
BZ 4345.742615,5633.960678,4347.490399,5637.383735,4349.190685,5640.846768;
BZ 4350.841798,5644.346358,4352.442107,5647.879052,4353.990034,5651.441364;
BZ 4355.484049,5655.029778,4356.922680,5658.640753,4358.304506,5662.270726;
BZ 4359.628164,5665.916113,4360.892346,5669.573318,4362.095807,5673.238731;
BZ 4363.237357,5676.908734,4364.315871,5680.579707,4365.330284,5684.248026;
BZ 4366.279596,5687.910071,4367.162868,5691.562228,4367.979229,5695.200892;
BZ 4368.727875,5698.822474,4369.408065,5702.423398,4370.019129,5706.000111;
BZ 4370.560464,5709.549084,4371.031535,5713.066814,4371.431878,5716.549829;
BZ 4371.761097,5719.994691,4372.018868,5723.398003,4372.204936,5726.756404;
BZ 4372.319117,5730.066580,4372.361299,5733.325265,4372.331441,5736.529242;
BZ 4372.229571,5739.675351,4372.055790,5742.760485,4371.810270,5745.781601;
BZ 4371.493253,5748.735716,4371.105052,5751.619916,4370.646050,5754.431353;
BZ 4370.116700,5757.167255,4369.517524,5759.824920,4368.849114,5762.401725;
BZ 4368.112130,5764.895129,4367.307298,5767.302669,4366.435413,5769.621970;
BZ 4365.497335,5771.850744,4364.493990,5773.986790,4363.426369,5776.028001;
BZ 4362.295524,5777.972363,4361.102573,5779.817955,4359.848691,5781.562958;
BZ 4358.535118,5783.205648,4357.163148,5784.744406,4355.734136,5786.177711;
BZ 4354.249493,5787.504151,4352.710683,5788.722414,4351.119225,5789.831301;
BZ 4349.476689,5790.829715,4347.784697,5791.716672,4346.044918,5792.491297;
PM 2;
SP 2;
FP;
SP 1;
PU 4293.864000 5215.055867;
PM 0;
PU 4293.864000 5215.055867;
PU 4413.929468 5353.479761;
PU 4413.929468 5094.990399;
PU 4293.864000 5215.055867;
PM 2;
SP 3;
FP;
SP 1;
%1A

