%1B
IN;
PA;
SP 1;

PW 0.080000;
NP 8;
TR 1;
MC 1;
PW 0.200000;
PU 3113.840000 4802.886145;
PD 5014.160000 4802.886145;
PD 5014.160000 6703.206145;
PD 3113.840000 6703.206145;
PD 3113.840000 4802.886145;
LA 3 2;
PD 5014.160000 6703.206145;
PU 3113.840000 6703.206145;
PD 5014.160000 4802.886145;
PU 4064.000000 5753.046145;
CI 950.160000;
PU 3113.840000 5753.046145;
PD 5014.160000 5753.046145;
PU 4064.000000 4802.886145;
PD 4064.000000 6703.206145;
PU 3392.135421 5081.181566;
PD 4735.864579 5081.181566;
PD 4735.864579 6424.910724;
PD 3392.135421 6424.910724;
PD 3392.135421 5081.181566;
PU 3728.067710 6088.978434;
CI 335.932290;
PU 3392.135421 5081.181566;
PD 3056.203131 5417.113855;
PD 4064.000000 6424.910724;
PU 3056.203131 5417.113855;
PD 3392.135421 5417.113855;
LA 2 6;
PU 3392.135421 5417.113855;
PD 3728.067710 5081.181566;
PD 4064.000000 5417.113855;
PD 3728.067710 5753.046145;
PD 3392.135421 5417.113855;
LA 2 1;
PU 4064.000000 5417.113855;
PD 3728.067710 5417.113855;
PD 3392.135421 5753.046145;
PU 3610.491409 5753.046145;
PD 3610.491409 6206.554736;
PD 4064.000000 6206.554736;
PU 4064.000000 4802.886145;
PD 4735.864579 6424.910724;
PU 4505.309817 5868.302290;
PD 4179.256145 5868.302290;
PU 4735.864579 5577.511737;
PD 4239.452859 5577.593285;
PD 4064.000000 6424.910724;
LA 2 6;
PD 4735.864579 5577.511737;
PD 4064.000000 4802.886145;
LA 2 1;
PD 4239.452859 5577.593285;
PU 4505.329545 5311.716600;
PD 4179.238073 5311.716600;
PU 4505.329545 5311.716600;
PD 4403.055521 5621.438582;
PU 4179.238073 5311.716600;
PD 4129.803781 5621.438582;
PD 4179.256145 5868.302290;
PU 4403.055521 5621.438582;
PD 4129.803781 5621.438582;
PU 4361.118961 6050.165106;
PD 4433.525519 6424.910724;
PU 4064.000000 6424.910724;
PD;
BZ 3882.596564 6389.973766 3791.894845 6337.568329 3610.491409 6206.554736;
PU 4605.526293 6420.383390;
PD;
BZ 4605.526293,6420.383390,4602.097541,6421.653488,4598.583721,6422.705190;
BZ 4594.988301,6423.537460,4591.314829,6424.149476,4587.566931,6424.540634;
BZ 4583.748305,6424.710547,4579.862720,6424.659048,4575.914011,6424.386189;
BZ 4571.906074,6423.892237,4567.842864,6423.177682,4563.728392,6422.243227;
BZ 4559.566719,6421.089795,4555.361950,6419.718525,4551.118236,6418.130769;
BZ 4546.839765,6416.328095,4542.530759,6414.312281,4538.195470,6412.085317;
BZ 4533.838178,6409.649401,4529.463181,6407.006937,4525.074799,6404.160532;
BZ 4520.677361,6401.112995,4516.275207,6397.867335,4511.872681,6394.426754;
BZ 4507.474129,6390.794647,4503.083892,6386.974599,4498.706301,6382.970380;
BZ 4494.345677,6378.785942,4490.006324,6374.425414,4485.692523,6369.893099;
BZ 4481.408533,6365.193471,4477.158580,6360.331167,4472.946860,6355.310986;
BZ 4468.777528,6350.137882,4464.654699,6344.816960,4460.582442,6339.353472;
BZ 4456.564775,6333.752808,4452.605665,6328.020498,4448.709017,6322.162197;
BZ 4444.878677,6316.183686,4441.118425,6310.090867,4437.431973,6303.889752;
BZ 4433.822959,6297.586460,4430.294943,6291.187213,4426.851408,6284.698325;
BZ 4423.495753,6278.126200,4420.231288,6271.477324,4417.061235,6264.758260;
BZ 4413.988724,6257.975637,4411.016785,6251.136149,4408.148352,6244.246546;
BZ 4405.386257,6237.313628,4402.733223,6230.344236,4400.191871,6223.345248;
BZ 4397.764708,6216.323572,4395.454128,6209.286136,4393.262414,6202.239886;
BZ 4391.191726,6195.191777,4389.244110,6188.148762,4387.421486,6181.117794;
BZ 4385.725655,6174.105810,4384.158288,6167.119731,4382.720934,6160.166451;
BZ 4381.415010,6153.252833,4380.241805,6146.385698,4379.202478,6139.571825;
BZ 4378.298054,6132.817937,4377.529425,6126.130700,4376.897350,6119.516714;
BZ 4376.402453,6112.982505,4376.045222,6106.534522,4375.826009,6100.179129;
BZ 4375.745032,6093.922597,4375.802369,6087.771101,4375.997965,6081.730711;
BZ 4376.331627,6075.807389,4376.803024,6070.006981,4377.411692,6064.335211;
BZ 4378.157031,6058.797675,4379.038304,6053.399840,4380.054642,6048.147031;
BZ 4381.205042,6043.044433,4382.488368,6038.097082,4383.903354,6033.309859;
BZ 4385.448604,6028.687490,4387.122593,6024.234536,4388.923669,6019.955392;
BZ 4390.850054,6015.854280,4392.899846,6011.935248,4395.071025,6008.202164;
BZ 4397.361445,6004.658711,4399.768848,6001.308387,4402.290857,5998.154497;
BZ 4404.924984,5995.200155,4407.668628,5992.448276,4410.519083,5989.901576;
BZ 4413.473534,5987.562568,4416.529068,5985.433560,4419.682667,5983.516654;
BZ 4422.931220,5981.813741,4426.271521,5980.326502,4429.700274,5979.056404;
BZ 4433.214094,5978.004701,4436.809514,5977.172431,4440.482985,5976.560416;
BZ 4444.230884,5976.169258,4448.049509,5975.999345,4451.935094,5976.050843;
BZ 4455.883804,5976.323703,4459.891741,5976.817654,4463.954950,5977.532210;
BZ 4468.069422,5978.466665,4472.231096,5979.620097,4476.435865,5980.991367;
BZ 4480.679579,5982.579123,4484.958050,5984.381797,4489.267056,5986.397611;
BZ 4493.602344,5988.624575,4497.959637,5991.060491,4502.334633,5993.702955;
BZ 4506.723016,5996.549360,4511.120454,5999.596896,4515.522608,6002.842557;
BZ 4519.925133,6006.283138,4524.323685,6009.915245,4528.713923,6013.735293;
BZ 4533.091514,6017.739512,4537.452137,6021.923950,4541.791491,6026.284478;
BZ 4546.105291,6030.816792,4550.389282,6035.516421,4554.639234,6040.378725;
BZ 4558.850955,6045.398906,4563.020287,6050.572010,4567.143116,6055.892932;
BZ 4571.215373,6061.356420,4575.233039,6066.957083,4579.192150,6072.689394;
BZ 4583.088798,6078.547695,4586.919138,6084.526206,4590.679389,6090.619025;
BZ 4594.365841,6096.820140,4597.974856,6103.123432,4601.502871,6109.522679;
BZ 4604.946406,6116.011567,4608.302062,6122.583692,4611.566527,6129.232567;
BZ 4614.736579,6135.951632,4617.809091,6142.734255,4620.781030,6149.573743;
BZ 4623.649462,6156.463345,4626.411558,6163.396264,4629.064591,6170.365656;
BZ 4631.605944,6177.364644,4634.033107,6184.386320,4636.343686,6191.423756;
BZ 4638.535401,6198.470005,4640.606089,6205.518115,4642.553705,6212.561130;
BZ 4644.376328,6219.592098,4646.072160,6226.604082,4647.639527,6233.590161;
BZ 4649.076881,6240.543440,4650.382805,6247.457059,4651.556009,6254.324193;
BZ 4652.595337,6261.138067,4653.499761,6267.891954,4654.268390,6274.579191;
BZ 4654.900465,6281.193178,4655.395362,6287.727387,4655.752593,6294.175370;
BZ 4655.971806,6300.530763,4656.052783,6306.787295,4655.995445,6312.938791;
BZ 4655.799849,6318.979181,4655.466188,6324.902502,4654.994790,6330.702911;
BZ 4654.386122,6336.374681,4653.640784,6341.912217,4652.759511,6347.310052;
BZ 4651.743173,6352.562861,4650.592773,6357.665459,4649.309447,6362.612810;
BZ 4647.894460,6367.400032,4646.349210,6372.022401,4644.675221,6376.475355;
BZ 4642.874146,6380.754500,4640.947761,6384.855612,4638.897968,6388.774644;
BZ 4636.726790,6392.507728,4634.436370,6396.051181,4632.028967,6399.401505;
BZ 4629.506958,6402.555395,4626.872831,6405.509736,4624.129187,6408.261615;
BZ 4621.278732,6410.808316,4618.324280,6413.147324,4615.268747,6415.276331;
BZ 4612.115148,6417.193238,4608.866594,6418.896151,4605.526293,6420.383390;
PU;
PU 4239.452859 5577.593285;
PM 0;
PU 4239.452859 5577.593285;
PU 4179.238073 5311.716600;
PU 4129.803781 5621.438582;
PU 4179.256145 5868.302290;
PU 4239.452859 5577.593285;
PM 2;
SP 2;
FP;
SP 1;
PU 3728.067710 5081.181566;
PM 0;
PU 3728.067710 5081.181566;
PU 4064.000000 5417.113855;
PU 3728.067710 5753.046145;
PU 3392.135421 5417.113855;
PU 3728.067710 5081.181566;
PM 2;
SP 4;
FP;
SP 1;
PU 4605.526293 6420.383390;
PM 0;
BZ 4605.526293,6420.383390,4602.097541,6421.653488,4598.583721,6422.705190;
BZ 4594.988301,6423.537460,4591.314829,6424.149476,4587.566931,6424.540634;
BZ 4583.748305,6424.710547,4579.862720,6424.659048,4575.914011,6424.386189;
BZ 4571.906074,6423.892237,4567.842864,6423.177682,4563.728392,6422.243227;
BZ 4559.566719,6421.089795,4555.361950,6419.718525,4551.118236,6418.130769;
BZ 4546.839765,6416.328095,4542.530759,6414.312281,4538.195470,6412.085317;
BZ 4533.838178,6409.649401,4529.463181,6407.006937,4525.074799,6404.160532;
BZ 4520.677361,6401.112995,4516.275207,6397.867335,4511.872681,6394.426754;
BZ 4507.474129,6390.794647,4503.083892,6386.974599,4498.706301,6382.970380;
BZ 4494.345677,6378.785942,4490.006324,6374.425414,4485.692523,6369.893099;
BZ 4481.408533,6365.193471,4477.158580,6360.331167,4472.946860,6355.310986;
BZ 4468.777528,6350.137882,4464.654699,6344.816960,4460.582442,6339.353472;
BZ 4456.564775,6333.752808,4452.605665,6328.020498,4448.709017,6322.162197;
BZ 4444.878677,6316.183686,4441.118425,6310.090867,4437.431973,6303.889752;
BZ 4433.822959,6297.586460,4430.294943,6291.187213,4426.851408,6284.698325;
BZ 4423.495753,6278.126200,4420.231288,6271.477324,4417.061235,6264.758260;
BZ 4413.988724,6257.975637,4411.016785,6251.136149,4408.148352,6244.246546;
BZ 4405.386257,6237.313628,4402.733223,6230.344236,4400.191871,6223.345248;
BZ 4397.764708,6216.323572,4395.454128,6209.286136,4393.262414,6202.239886;
BZ 4391.191726,6195.191777,4389.244110,6188.148762,4387.421486,6181.117794;
BZ 4385.725655,6174.105810,4384.158288,6167.119731,4382.720934,6160.166451;
BZ 4381.415010,6153.252833,4380.241805,6146.385698,4379.202478,6139.571825;
BZ 4378.298054,6132.817937,4377.529425,6126.130700,4376.897350,6119.516714;
BZ 4376.402453,6112.982505,4376.045222,6106.534522,4375.826009,6100.179129;
BZ 4375.745032,6093.922597,4375.802369,6087.771101,4375.997965,6081.730711;
BZ 4376.331627,6075.807389,4376.803024,6070.006981,4377.411692,6064.335211;
BZ 4378.157031,6058.797675,4379.038304,6053.399840,4380.054642,6048.147031;
BZ 4381.205042,6043.044433,4382.488368,6038.097082,4383.903354,6033.309859;
BZ 4385.448604,6028.687490,4387.122593,6024.234536,4388.923669,6019.955392;
BZ 4390.850054,6015.854280,4392.899846,6011.935248,4395.071025,6008.202164;
BZ 4397.361445,6004.658711,4399.768848,6001.308387,4402.290857,5998.154497;
BZ 4404.924984,5995.200155,4407.668628,5992.448276,4410.519083,5989.901576;
BZ 4413.473534,5987.562568,4416.529068,5985.433560,4419.682667,5983.516654;
BZ 4422.931220,5981.813741,4426.271521,5980.326502,4429.700274,5979.056404;
BZ 4433.214094,5978.004701,4436.809514,5977.172431,4440.482985,5976.560416;
BZ 4444.230884,5976.169258,4448.049509,5975.999345,4451.935094,5976.050843;
BZ 4455.883804,5976.323703,4459.891741,5976.817654,4463.954950,5977.532210;
BZ 4468.069422,5978.466665,4472.231096,5979.620097,4476.435865,5980.991367;
BZ 4480.679579,5982.579123,4484.958050,5984.381797,4489.267056,5986.397611;
BZ 4493.602344,5988.624575,4497.959637,5991.060491,4502.334633,5993.702955;
BZ 4506.723016,5996.549360,4511.120454,5999.596896,4515.522608,6002.842557;
BZ 4519.925133,6006.283138,4524.323685,6009.915245,4528.713923,6013.735293;
BZ 4533.091514,6017.739512,4537.452137,6021.923950,4541.791491,6026.284478;
BZ 4546.105291,6030.816792,4550.389282,6035.516421,4554.639234,6040.378725;
BZ 4558.850955,6045.398906,4563.020287,6050.572010,4567.143116,6055.892932;
BZ 4571.215373,6061.356420,4575.233039,6066.957083,4579.192150,6072.689394;
BZ 4583.088798,6078.547695,4586.919138,6084.526206,4590.679389,6090.619025;
BZ 4594.365841,6096.820140,4597.974856,6103.123432,4601.502871,6109.522679;
BZ 4604.946406,6116.011567,4608.302062,6122.583692,4611.566527,6129.232567;
BZ 4614.736579,6135.951632,4617.809091,6142.734255,4620.781030,6149.573743;
BZ 4623.649462,6156.463345,4626.411558,6163.396264,4629.064591,6170.365656;
BZ 4631.605944,6177.364644,4634.033107,6184.386320,4636.343686,6191.423756;
BZ 4638.535401,6198.470005,4640.606089,6205.518115,4642.553705,6212.561130;
BZ 4644.376328,6219.592098,4646.072160,6226.604082,4647.639527,6233.590161;
BZ 4649.076881,6240.543440,4650.382805,6247.457059,4651.556009,6254.324193;
BZ 4652.595337,6261.138067,4653.499761,6267.891954,4654.268390,6274.579191;
BZ 4654.900465,6281.193178,4655.395362,6287.727387,4655.752593,6294.175370;
BZ 4655.971806,6300.530763,4656.052783,6306.787295,4655.995445,6312.938791;
BZ 4655.799849,6318.979181,4655.466188,6324.902502,4654.994790,6330.702911;
BZ 4654.386122,6336.374681,4653.640784,6341.912217,4652.759511,6347.310052;
BZ 4651.743173,6352.562861,4650.592773,6357.665459,4649.309447,6362.612810;
BZ 4647.894460,6367.400032,4646.349210,6372.022401,4644.675221,6376.475355;
BZ 4642.874146,6380.754500,4640.947761,6384.855612,4638.897968,6388.774644;
BZ 4636.726790,6392.507728,4634.436370,6396.051181,4632.028967,6399.401505;
BZ 4629.506958,6402.555395,4626.872831,6405.509736,4624.129187,6408.261615;
BZ 4621.278732,6410.808316,4618.324280,6413.147324,4615.268747,6415.276331;
BZ 4612.115148,6417.193238,4608.866594,6418.896151,4605.526293,6420.383390;
PM 2;
SP 2;
FP;
SP 1;
PU 4505.329545 5311.716600;
PM 0;
PU 4505.329545 5311.716600;
PU 4735.864579 5577.511737;
PU 4735.864579 5081.181566;
PU 4505.329545 5311.716600;
PM 2;
SP 3;
FP;
SP 1;
%1A

