%1B
IN;
PA;
SP 1;

PW 0.080000;
NP 8;
TR 1;
MC 1;
PW 0.200000;
PU 3173.225000 4822.080761;
PD 4954.775000 4822.080761;
PD 4954.775000 6603.630761;
PD 3173.225000 6603.630761;
PD 3173.225000 4822.080761;
LA 3 2;
PD 4954.775000 6603.630761;
PU 3173.225000 6603.630761;
PD 4954.775000 4822.080761;
PU 4064.000000 5712.855761;
CI 890.775000;
PU 3173.225000 5712.855761;
PD 4954.775000 5712.855761;
PU 4064.000000 4822.080761;
PD 4064.000000 6603.630761;
PU 3434.126957 5082.982718;
PD 4693.873043 5082.982718;
PD 4693.873043 6342.728804;
PD 3434.126957 6342.728804;
PD 3434.126957 5082.982718;
PU 3749.063478 6027.792282;
CI 314.936522;
PU 3434.126957 5082.982718;
PD 3119.190435 5397.919239;
PD 4064.000000 6342.728804;
PU 3119.190435 5397.919239;
PD 3434.126957 5397.919239;
LA 2 6;
PU 3434.126957 5397.919239;
PD 3749.063478 5082.982718;
PD 4064.000000 5397.919239;
PD 3749.063478 5712.855761;
PD 3434.126957 5397.919239;
LA 2 1;
PU 4064.000000 5397.919239;
PD 3749.063478 5397.919239;
PD 3434.126957 5712.855761;
PU 3638.835696 5712.855761;
PD 3638.835696 6138.020065;
PD 4064.000000 6138.020065;
PU 4064.000000 4822.080761;
PD 4693.873043 6342.728804;
PU 4477.730283 5820.914022;
PD 4172.058261 5820.914022;
PU 4693.873043 5548.305291;
PD 4228.500091 5548.355670;
PD 4064.000000 6342.728804;
LA 2 6;
PD 4693.873043 5548.305291;
PD 4064.000000 4822.080761;
LA 2 1;
PD 4228.500091 5548.355670;
PU 4477.742470 5299.113291;
PD 4172.047096 5299.113291;
PU 4477.742470 5299.113291;
PD 4381.862875 5589.469624;
PU 4172.047096 5299.113291;
PD 4125.693068 5589.469624;
PD 4172.058261 5820.914022;
PU 4381.862875 5589.469624;
PD 4125.693068 5589.469624;
PU 4342.551576 5991.407337;
PD 4410.430174 6342.728804;
PU 4064.000000 6342.728804;
PD;
BZ 3893.934278 6309.975406 3808.901418 6260.845308 3638.835696 6138.020065;
PU 4571.680921 6338.484471;
PD;
BZ 4571.680921,6338.484471,4568.466499,6339.675172,4565.172326,6340.661131;
BZ 4561.801654,6341.441373,4558.357810,6342.015129,4554.844191,6342.381833;
BZ 4551.264267,6342.541122,4547.621569,6342.492840,4543.919692,6342.237034;
BZ 4540.162291,6341.773957,4536.353072,6341.104065,4532.495795,6340.228019;
BZ 4528.594268,6339.146685,4524.652339,6337.861130,4520.673900,6336.372621;
BZ 4516.662876,6334.682628,4512.623226,6332.792819,4508.558937,6330.705059;
BZ 4504.474020,6328.421409,4500.372505,6325.944121,4496.258442,6323.275641;
BZ 4492.135888,6320.418602,4488.008914,6317.375824,4483.881592,6314.150309;
BZ 4479.757995,6310.745241,4475.642193,6307.163980,4471.538248,6303.410061;
BZ 4467.450208,6299.487188,4463.382110,6295.399232,4459.337968,6291.150228;
BZ 4455.321772,6286.744369,4451.337486,6282.186004,4447.389043,6277.479630;
BZ 4443.480338,6272.629892,4439.615230,6267.641577,4435.797533,6262.519607;
BZ 4432.031014,6257.269037,4428.319390,6251.895048,4424.666325,6246.402945;
BZ 4421.075423,6240.798147,4417.550229,6235.086186,4414.094221,6229.272698;
BZ 4410.710809,6223.363421,4407.403334,6217.364186,4404.175058,6211.280915;
BZ 4401.029169,6205.119610,4397.968769,6198.886351,4394.996881,6192.587291;
BZ 4392.116436,6186.228646,4389.330278,6179.816691,4386.641155,6173.357754;
BZ 4384.051722,6166.858208,4381.564535,6160.324469,4379.182047,6153.762984;
BZ 4376.906610,6147.180229,4374.740469,6140.582701,4372.685763,6133.976909;
BZ 4370.744519,6127.369373,4368.918653,6120.766614,4367.209966,6114.175148;
BZ 4365.620146,6107.601481,4364.150760,6101.052099,4362.803259,6094.533466;
BZ 4361.578974,6088.052015,4360.479111,6081.614142,4359.504757,6075.226202;
BZ 4358.656873,6068.894497,4357.936295,6062.625277,4357.343736,6056.424729;
BZ 4356.879779,6050.298972,4356.544884,6044.254050,4356.339379,6038.295931;
BZ 4356.263468,6032.430493,4356.317226,6026.663525,4356.500600,6021.000719;
BZ 4356.813408,6015.447663,4357.255343,6010.009837,4357.825968,6004.692608;
BZ 4358.524719,5999.501223,4359.350908,5994.440806,4360.303719,5989.516350;
BZ 4361.382211,5984.732715,4362.585320,5980.094622,4363.911860,5975.606649;
BZ 4365.360520,5971.273224,4366.929872,5967.098624,4368.618366,5963.086970;
BZ 4370.424335,5959.242219,4372.345999,5955.568166,4374.381460,5952.068437;
BZ 4376.528710,5948.746486,4378.785629,5945.605592,4381.149990,5942.648853;
BZ 4383.619460,5939.879188,4386.191602,5937.299330,4388.863877,5934.911826;
BZ 4391.633649,5932.719031,4394.498183,5930.723109,4397.454653,5928.926031;
BZ 4400.500141,5927.329569,4403.631642,5925.935299,4406.846065,5924.744597;
BZ 4410.140238,5923.758638,4413.510909,5922.978396,4416.954754,5922.404640;
BZ 4420.468372,5922.037936,4424.048296,5921.878647,4427.690994,5921.926929;
BZ 4431.392871,5922.182735,4435.150273,5922.645813,4438.959491,5923.315705;
BZ 4442.816768,5924.191750,4446.718296,5925.273084,4450.660224,5926.558640;
BZ 4454.638664,5928.047149,4458.649687,5929.737141,4462.689337,5931.626950;
BZ 4466.753626,5933.714710,4470.838543,5935.998361,4474.940058,5938.475649;
BZ 4479.054122,5941.144129,4483.176675,5944.001168,4487.303649,5947.043946;
BZ 4491.430971,5950.269461,4495.554568,5953.674528,4499.670370,5957.255789;
BZ 4503.774316,5961.009708,4507.862355,5964.932582,4511.930453,5969.020537;
BZ 4515.974596,5973.269541,4519.990792,5977.675400,4523.975077,5982.233766;
BZ 4527.923520,5986.940140,4531.832225,5991.789877,4535.697333,5996.778193;
BZ 4539.515030,6001.900163,4543.281549,6007.150733,4546.993173,6012.524721;
BZ 4550.646238,6018.016824,4554.237140,6023.621622,4557.762334,6029.333583;
BZ 4561.218343,6035.147071,4564.601754,6041.056348,4567.909230,6047.055583;
BZ 4571.137505,6053.138855,4574.283395,6059.300160,4577.343794,6065.533418;
BZ 4580.315682,6071.832478,4583.196127,6078.191123,4585.982286,6084.603079;
BZ 4588.671408,6091.062016,4591.260841,6097.561561,4593.748029,6104.095300;
BZ 4596.130517,6110.656785,4598.405954,6117.239540,4600.572094,6123.837069;
BZ 4602.626800,6130.442861,4604.568044,6137.050397,4606.393910,6143.653155;
BZ 4608.102597,6150.244621,4609.692418,6156.818289,4611.161803,6163.367671;
BZ 4612.509304,6169.886304,4613.733590,6176.367755,4614.833452,6182.805627;
BZ 4615.807807,6189.193568,4616.655691,6195.525272,4617.376268,6201.794492;
BZ 4617.968827,6207.995040,4618.432784,6214.120798,4618.767680,6220.165719;
BZ 4618.973185,6226.123839,4619.049095,6231.989277,4618.995337,6237.756244;
BZ 4618.811964,6243.419050,4618.499155,6248.972106,4618.057220,6254.409932;
BZ 4617.486596,6259.727161,4616.787844,6264.918546,4615.961655,6269.978964;
BZ 4615.008845,6274.903420,4613.930352,6279.687055,4612.727243,6284.325147;
BZ 4611.400703,6288.813121,4609.952043,6293.146545,4608.382692,6297.321145;
BZ 4606.694198,6301.332800,4604.888228,6305.177551,4602.966564,6308.851604;
BZ 4600.931103,6312.351332,4598.783854,6315.673283,4596.526934,6318.814178;
BZ 4594.162573,6321.770917,4591.693103,6324.540581,4589.120961,6327.120439;
BZ 4586.448686,6329.507944,4583.678914,6331.700739,4580.814380,6333.696660;
BZ 4577.857910,6335.493739,4574.812422,6337.090201,4571.680921,6338.484471;
PU;
PU 4228.500091 5548.355670;
PM 0;
PU 4228.500091 5548.355670;
PU 4172.047096 5299.113291;
PU 4125.693068 5589.469624;
PU 4172.058261 5820.914022;
PU 4228.500091 5548.355670;
PM 2;
SP 2;
FP;
SP 1;
PU 3749.063478 5082.982718;
PM 0;
PU 3749.063478 5082.982718;
PU 4064.000000 5397.919239;
PU 3749.063478 5712.855761;
PU 3434.126957 5397.919239;
PU 3749.063478 5082.982718;
PM 2;
SP 4;
FP;
SP 1;
PU 4571.680921 6338.484471;
PM 0;
BZ 4571.680921,6338.484471,4568.466499,6339.675172,4565.172326,6340.661131;
BZ 4561.801654,6341.441373,4558.357810,6342.015129,4554.844191,6342.381833;
BZ 4551.264267,6342.541122,4547.621569,6342.492840,4543.919692,6342.237034;
BZ 4540.162291,6341.773957,4536.353072,6341.104065,4532.495795,6340.228019;
BZ 4528.594268,6339.146685,4524.652339,6337.861130,4520.673900,6336.372621;
BZ 4516.662876,6334.682628,4512.623226,6332.792819,4508.558937,6330.705059;
BZ 4504.474020,6328.421409,4500.372505,6325.944121,4496.258442,6323.275641;
BZ 4492.135888,6320.418602,4488.008914,6317.375824,4483.881592,6314.150309;
BZ 4479.757995,6310.745241,4475.642193,6307.163980,4471.538248,6303.410061;
BZ 4467.450208,6299.487188,4463.382110,6295.399232,4459.337968,6291.150228;
BZ 4455.321772,6286.744369,4451.337486,6282.186004,4447.389043,6277.479630;
BZ 4443.480338,6272.629892,4439.615230,6267.641577,4435.797533,6262.519607;
BZ 4432.031014,6257.269037,4428.319390,6251.895048,4424.666325,6246.402945;
BZ 4421.075423,6240.798147,4417.550229,6235.086186,4414.094221,6229.272698;
BZ 4410.710809,6223.363421,4407.403334,6217.364186,4404.175058,6211.280915;
BZ 4401.029169,6205.119610,4397.968769,6198.886351,4394.996881,6192.587291;
BZ 4392.116436,6186.228646,4389.330278,6179.816691,4386.641155,6173.357754;
BZ 4384.051722,6166.858208,4381.564535,6160.324469,4379.182047,6153.762984;
BZ 4376.906610,6147.180229,4374.740469,6140.582701,4372.685763,6133.976909;
BZ 4370.744519,6127.369373,4368.918653,6120.766614,4367.209966,6114.175148;
BZ 4365.620146,6107.601481,4364.150760,6101.052099,4362.803259,6094.533466;
BZ 4361.578974,6088.052015,4360.479111,6081.614142,4359.504757,6075.226202;
BZ 4358.656873,6068.894497,4357.936295,6062.625277,4357.343736,6056.424729;
BZ 4356.879779,6050.298972,4356.544884,6044.254050,4356.339379,6038.295931;
BZ 4356.263468,6032.430493,4356.317226,6026.663525,4356.500600,6021.000719;
BZ 4356.813408,6015.447663,4357.255343,6010.009837,4357.825968,6004.692608;
BZ 4358.524719,5999.501223,4359.350908,5994.440806,4360.303719,5989.516350;
BZ 4361.382211,5984.732715,4362.585320,5980.094622,4363.911860,5975.606649;
BZ 4365.360520,5971.273224,4366.929872,5967.098624,4368.618366,5963.086970;
BZ 4370.424335,5959.242219,4372.345999,5955.568166,4374.381460,5952.068437;
BZ 4376.528710,5948.746486,4378.785629,5945.605592,4381.149990,5942.648853;
BZ 4383.619460,5939.879188,4386.191602,5937.299330,4388.863877,5934.911826;
BZ 4391.633649,5932.719031,4394.498183,5930.723109,4397.454653,5928.926031;
BZ 4400.500141,5927.329569,4403.631642,5925.935299,4406.846065,5924.744597;
BZ 4410.140238,5923.758638,4413.510909,5922.978396,4416.954754,5922.404640;
BZ 4420.468372,5922.037936,4424.048296,5921.878647,4427.690994,5921.926929;
BZ 4431.392871,5922.182735,4435.150273,5922.645813,4438.959491,5923.315705;
BZ 4442.816768,5924.191750,4446.718296,5925.273084,4450.660224,5926.558640;
BZ 4454.638664,5928.047149,4458.649687,5929.737141,4462.689337,5931.626950;
BZ 4466.753626,5933.714710,4470.838543,5935.998361,4474.940058,5938.475649;
BZ 4479.054122,5941.144129,4483.176675,5944.001168,4487.303649,5947.043946;
BZ 4491.430971,5950.269461,4495.554568,5953.674528,4499.670370,5957.255789;
BZ 4503.774316,5961.009708,4507.862355,5964.932582,4511.930453,5969.020537;
BZ 4515.974596,5973.269541,4519.990792,5977.675400,4523.975077,5982.233766;
BZ 4527.923520,5986.940140,4531.832225,5991.789877,4535.697333,5996.778193;
BZ 4539.515030,6001.900163,4543.281549,6007.150733,4546.993173,6012.524721;
BZ 4550.646238,6018.016824,4554.237140,6023.621622,4557.762334,6029.333583;
BZ 4561.218343,6035.147071,4564.601754,6041.056348,4567.909230,6047.055583;
BZ 4571.137505,6053.138855,4574.283395,6059.300160,4577.343794,6065.533418;
BZ 4580.315682,6071.832478,4583.196127,6078.191123,4585.982286,6084.603079;
BZ 4588.671408,6091.062016,4591.260841,6097.561561,4593.748029,6104.095300;
BZ 4596.130517,6110.656785,4598.405954,6117.239540,4600.572094,6123.837069;
BZ 4602.626800,6130.442861,4604.568044,6137.050397,4606.393910,6143.653155;
BZ 4608.102597,6150.244621,4609.692418,6156.818289,4611.161803,6163.367671;
BZ 4612.509304,6169.886304,4613.733590,6176.367755,4614.833452,6182.805627;
BZ 4615.807807,6189.193568,4616.655691,6195.525272,4617.376268,6201.794492;
BZ 4617.968827,6207.995040,4618.432784,6214.120798,4618.767680,6220.165719;
BZ 4618.973185,6226.123839,4619.049095,6231.989277,4618.995337,6237.756244;
BZ 4618.811964,6243.419050,4618.499155,6248.972106,4618.057220,6254.409932;
BZ 4617.486596,6259.727161,4616.787844,6264.918546,4615.961655,6269.978964;
BZ 4615.008845,6274.903420,4613.930352,6279.687055,4612.727243,6284.325147;
BZ 4611.400703,6288.813121,4609.952043,6293.146545,4608.382692,6297.321145;
BZ 4606.694198,6301.332800,4604.888228,6305.177551,4602.966564,6308.851604;
BZ 4600.931103,6312.351332,4598.783854,6315.673283,4596.526934,6318.814178;
BZ 4594.162573,6321.770917,4591.693103,6324.540581,4589.120961,6327.120439;
BZ 4586.448686,6329.507944,4583.678914,6331.700739,4580.814380,6333.696660;
BZ 4577.857910,6335.493739,4574.812422,6337.090201,4571.680921,6338.484471;
PM 2;
SP 2;
FP;
SP 1;
PU 4477.742470 5299.113291;
PM 0;
PU 4477.742470 5299.113291;
PU 4693.873043 5548.305291;
PU 4693.873043 5082.982718;
PU 4477.742470 5299.113291;
PM 2;
SP 3;
FP;
SP 1;
%1A

