%1B
IN;
PA;
SP 1;

RO 270;
PW 0.100000;
NP 8;
TR 1;
MC 1;
PU 3515.000000 4910.914367;
PD 4685.000000 4910.914367;
PD 4685.000000 6080.914367;
PD 3515.000000 6080.914367;
PD 3515.000000 4910.914367;
LA 3 2;
PD 4685.000000 6080.914367;
PU 3515.000000 6080.914367;
PD 4685.000000 4910.914367;
PU 4100.000000 5495.914367;
CI 585.000000;
PU 3515.000000 5495.914367;
PD 4685.000000 5495.914367;
PU 4100.000000 4910.914367;
PD 4100.000000 6080.914367;
PU 3686.342533 5082.256900;
PD 4513.657467 5082.256900;
PD 4513.657467 5909.571834;
PD 3686.342533 5909.571834;
PD 3686.342533 5082.256900;
PU 3893.171267 5702.743100;
CI 206.828733;
PU 3686.342533 5082.256900;
PD 3479.513800 5289.085633;
PD 4100.000000 5909.571834;
PU 3479.513800 5289.085633;
PD 3686.342533 5289.085633;
LA 2 6;
PU 3686.342533 5289.085633;
PD 3893.171267 5082.256900;
PD 4100.000000 5289.085633;
PD 3893.171267 5495.914367;
PD 3686.342533 5289.085633;
LA 2 1;
PU 4100.000000 5289.085633;
PD 3893.171267 5289.085633;
PD 3686.342533 5495.914367;
PU 3820.781210 5495.914367;
PD 3820.781210 5775.133157;
PD 4100.000000 5775.133157;
PU 4100.000000 4910.914367;
PD 4513.657467 5909.571834;
PU 4371.705195 5566.868733;
PD 4170.954367 5566.868733;
PU 4513.657467 5387.823634;
PD 4208.007140 5387.907226;
PD 4100.000000 5909.571834;
LA 2 6;
PD 4513.657467 5387.823634;
PD 4100.000000 4910.914367;
LA 2 1;
PD 4208.007140 5387.907226;
PU 4371.725418 5224.188949;
PD 4170.935845 5224.188949;
PU 4371.725418 5224.188949;
PD 4308.753808 5414.890641;
PU 4170.935845 5224.188949;
PD 4140.511863 5414.890641;
PD 4170.954367 5566.868733;
PU 4308.753808 5414.890641;
PD 4140.511863 5414.890641;
PU 4282.928654 5678.843021;
PD 4327.511607 5909.571834;
PU 4100.000000 5909.571834;
PD;
BZ 3988.312484 5888.061645 3932.468726 5855.796363 3820.781210 5775.133157;
PU 4433.410011 5906.784364;
PD;
BZ 4433.410011,5906.784364,4431.298935,5907.566364,4429.135483,5908.213899;
BZ 4426.921790,5908.726329,4424.660040,5909.103150,4422.352466,5909.343988;
BZ 4420.001345,5909.448607,4417.608997,5909.416903,4415.177783,5909.248908;
BZ 4412.710103,5908.944786,4410.208391,5908.504840,4407.675117,5907.929501;
BZ 4405.112781,5907.219339,4402.523911,5906.375054,4399.911062,5905.397480;
BZ 4397.276813,5904.287580,4394.623764,5903.046451,4391.954532,5901.675318;
BZ 4389.271752,5900.175532,4386.578072,5898.548576,4383.876150,5896.796053;
BZ 4381.168652,5894.919695,4378.458250,5892.921351,4375.747620,5890.802995;
BZ 4373.039436,5888.566718,4370.336370,5886.214725,4367.641092,5883.749338;
BZ 4364.956259,5881.172991,4362.284523,5878.488226,4359.628519,5875.697691;
BZ 4356.990869,5872.804142,4354.374176,5869.810434,4351.781023,5866.719521;
BZ 4349.213967,5863.534454,4346.675544,5860.258376,4344.168257,5856.894519;
BZ 4341.694581,5853.446204,4339.256958,5849.916834,4336.857793,5846.309892;
BZ 4334.499454,5842.628937,4332.184268,5838.877602,4329.914520,5835.059590;
BZ 4327.692450,5831.178667,4325.520251,5827.238665,4323.400067,5823.243471;
BZ 4321.333989,5819.197029,4319.324058,5815.103331,4317.372256,5810.966417;
BZ 4315.480509,5806.790371,4313.650685,5802.579313,4311.884590,5798.337399;
BZ 4310.183966,5794.068816,4308.550491,5789.777776,4306.985779,5785.468514;
BZ 4305.491372,5781.145282,4304.068746,5776.812347,4302.719304,5772.473985;
BZ 4301.444379,5768.134478,4300.245228,5763.798108,4299.123035,5759.469155;
BZ 4298.078908,5755.151890,4297.113877,5750.850575,4296.228894,5746.569454;
BZ 4295.424832,5742.312753,4294.702486,5738.084671,4294.062568,5733.889382;
BZ 4293.505709,5729.731026,4293.032459,5725.613706,4292.643285,5721.541487;
BZ 4292.338572,5717.518386,4292.118619,5713.548375,4291.983645,5709.635370;
BZ 4291.933781,5705.783234,4291.969078,5701.995769,4292.089501,5698.276711;
BZ 4292.294930,5694.629732,4292.585163,5691.058430,4292.959913,5687.566330;
BZ 4293.418812,5684.156879,4293.961405,5680.833440,4294.587158,5677.599294;
BZ 4295.295452,5674.457632,4296.085589,5671.411555,4296.956789,5668.464069;
BZ 4297.908193,5665.618083,4298.938861,5662.876406,4300.047776,5660.241742;
BZ 4301.233844,5657.716693,4302.495894,5655.303750,4303.832681,5653.005294;
BZ 4305.242886,5650.823594,4306.725116,5648.760803,4308.277910,5646.818957;
BZ 4309.899735,5644.999971,4311.588989,5643.305641,4313.344007,5641.737640;
BZ 4315.163055,5640.297514,4317.044340,5638.986685,4318.986004,5637.806446;
BZ 4320.986131,5636.757962,4323.042747,5635.842268,4325.153823,5635.060268;
BZ 4327.317274,5634.412733,4329.530968,5633.900303,4331.792717,5633.523482;
BZ 4334.100291,5633.282644,4336.451412,5633.178025,4338.843760,5633.209729;
BZ 4341.274974,5633.377724,4343.742654,5633.681846,4346.244366,5634.121793;
BZ 4348.777640,5634.697131,4351.339977,5635.407293,4353.928847,5636.251578;
BZ 4356.541696,5637.229152,4359.175944,5638.339052,4361.828994,5639.580181;
BZ 4364.498226,5640.951314,4367.181005,5642.451100,4369.874685,5644.078056;
BZ 4372.576608,5645.830579,4375.284106,5647.706938,4377.994507,5649.705281;
BZ 4380.705138,5651.823637,4383.413322,5654.059915,4386.116387,5656.411907;
BZ 4388.811666,5658.877294,4391.496498,5661.453641,4394.168235,5664.138407;
BZ 4396.824238,5666.928941,4399.461888,5669.822490,4402.078581,5672.816198;
BZ 4404.671735,5675.907111,4407.238790,5679.092178,4409.777214,5682.368257;
BZ 4412.284501,5685.732113,4414.758176,5689.180428,4417.195799,5692.709798;
BZ 4419.594964,5696.316740,4421.953303,5699.997695,4424.268489,5703.749030;
BZ 4426.538237,5707.567042,4428.760307,5711.447965,4430.932506,5715.387967;
BZ 4433.052691,5719.383161,4435.118768,5723.429603,4437.128700,5727.523302;
BZ 4439.080502,5731.660215,4440.972248,5735.836261,4442.802072,5740.047319;
BZ 4444.568168,5744.289233,4446.268792,5748.557816,4447.902266,5752.848856;
BZ 4449.466979,5757.158119,4450.961386,5761.481350,4452.384012,5765.814285;
BZ 4453.733454,5770.152647,4455.008379,5774.492154,4456.207529,5778.828524;
BZ 4457.329722,5783.157477,4458.373849,5787.474742,4459.338881,5791.776057;
BZ 4460.223864,5796.057178,4461.027925,5800.313880,4461.750272,5804.541961;
BZ 4462.390190,5808.737250,4462.947049,5812.895606,4463.420299,5817.012926;
BZ 4463.809472,5821.085145,4464.114186,5825.108246,4464.334138,5829.078258;
BZ 4464.469113,5832.991262,4464.518976,5836.843398,4464.483679,5840.630863;
BZ 4464.363257,5844.349921,4464.157828,5847.996900,4463.867595,5851.568202;
BZ 4463.492844,5855.060302,4463.033946,5858.469753,4462.491352,5861.793192;
BZ 4461.865600,5865.027338,4461.157305,5868.169000,4460.367168,5871.215077;
BZ 4459.495968,5874.162563,4458.544565,5877.008549,4457.513897,5879.750226;
BZ 4456.404982,5882.384890,4455.218914,5884.909939,4453.956863,5887.322882;
BZ 4452.620076,5889.621338,4451.209872,5891.803038,4449.727641,5893.865829;
BZ 4448.174847,5895.807675,4446.553023,5897.626661,4444.863768,5899.320991;
BZ 4443.108751,5900.888992,4441.289702,5902.329118,4439.408418,5903.639947;
BZ 4437.466754,5904.820186,4435.466627,5905.868670,4433.410011,5906.784364;
PU;
PU 4208.007140 5387.907226;
PM 0;
PU 4208.007140 5387.907226;
PU 4170.935845 5224.188949;
PU 4140.511863 5414.890641;
PU 4170.954367 5566.868733;
PU 4208.007140 5387.907226;
PM 2;
SP 2;
FP;
SP 1;
PU 3893.171267 5082.256900;
PM 0;
PU 3893.171267 5082.256900;
PU 4100.000000 5289.085633;
PU 3893.171267 5495.914367;
PU 3686.342533 5289.085633;
PU 3893.171267 5082.256900;
PM 2;
SP 4;
FP;
SP 1;
PU 4433.410011 5906.784364;
PM 0;
BZ 4433.410011,5906.784364,4431.298935,5907.566364,4429.135483,5908.213899;
BZ 4426.921790,5908.726329,4424.660040,5909.103150,4422.352466,5909.343988;
BZ 4420.001345,5909.448607,4417.608997,5909.416903,4415.177783,5909.248908;
BZ 4412.710103,5908.944786,4410.208391,5908.504840,4407.675117,5907.929501;
BZ 4405.112781,5907.219339,4402.523911,5906.375054,4399.911062,5905.397480;
BZ 4397.276813,5904.287580,4394.623764,5903.046451,4391.954532,5901.675318;
BZ 4389.271752,5900.175532,4386.578072,5898.548576,4383.876150,5896.796053;
BZ 4381.168652,5894.919695,4378.458250,5892.921351,4375.747620,5890.802995;
BZ 4373.039436,5888.566718,4370.336370,5886.214725,4367.641092,5883.749338;
BZ 4364.956259,5881.172991,4362.284523,5878.488226,4359.628519,5875.697691;
BZ 4356.990869,5872.804142,4354.374176,5869.810434,4351.781023,5866.719521;
BZ 4349.213967,5863.534454,4346.675544,5860.258376,4344.168257,5856.894519;
BZ 4341.694581,5853.446204,4339.256958,5849.916834,4336.857793,5846.309892;
BZ 4334.499454,5842.628937,4332.184268,5838.877602,4329.914520,5835.059590;
BZ 4327.692450,5831.178667,4325.520251,5827.238665,4323.400067,5823.243471;
BZ 4321.333989,5819.197029,4319.324058,5815.103331,4317.372256,5810.966417;
BZ 4315.480509,5806.790371,4313.650685,5802.579313,4311.884590,5798.337399;
BZ 4310.183966,5794.068816,4308.550491,5789.777776,4306.985779,5785.468514;
BZ 4305.491372,5781.145282,4304.068746,5776.812347,4302.719304,5772.473985;
BZ 4301.444379,5768.134478,4300.245228,5763.798108,4299.123035,5759.469155;
BZ 4298.078908,5755.151890,4297.113877,5750.850575,4296.228894,5746.569454;
BZ 4295.424832,5742.312753,4294.702486,5738.084671,4294.062568,5733.889382;
BZ 4293.505709,5729.731026,4293.032459,5725.613706,4292.643285,5721.541487;
BZ 4292.338572,5717.518386,4292.118619,5713.548375,4291.983645,5709.635370;
BZ 4291.933781,5705.783234,4291.969078,5701.995769,4292.089501,5698.276711;
BZ 4292.294930,5694.629732,4292.585163,5691.058430,4292.959913,5687.566330;
BZ 4293.418812,5684.156879,4293.961405,5680.833440,4294.587158,5677.599294;
BZ 4295.295452,5674.457632,4296.085589,5671.411555,4296.956789,5668.464069;
BZ 4297.908193,5665.618083,4298.938861,5662.876406,4300.047776,5660.241742;
BZ 4301.233844,5657.716693,4302.495894,5655.303750,4303.832681,5653.005294;
BZ 4305.242886,5650.823594,4306.725116,5648.760803,4308.277910,5646.818957;
BZ 4309.899735,5644.999971,4311.588989,5643.305641,4313.344007,5641.737640;
BZ 4315.163055,5640.297514,4317.044340,5638.986685,4318.986004,5637.806446;
BZ 4320.986131,5636.757962,4323.042747,5635.842268,4325.153823,5635.060268;
BZ 4327.317274,5634.412733,4329.530968,5633.900303,4331.792717,5633.523482;
BZ 4334.100291,5633.282644,4336.451412,5633.178025,4338.843760,5633.209729;
BZ 4341.274974,5633.377724,4343.742654,5633.681846,4346.244366,5634.121793;
BZ 4348.777640,5634.697131,4351.339977,5635.407293,4353.928847,5636.251578;
BZ 4356.541696,5637.229152,4359.175944,5638.339052,4361.828994,5639.580181;
BZ 4364.498226,5640.951314,4367.181005,5642.451100,4369.874685,5644.078056;
BZ 4372.576608,5645.830579,4375.284106,5647.706938,4377.994507,5649.705281;
BZ 4380.705138,5651.823637,4383.413322,5654.059915,4386.116387,5656.411907;
BZ 4388.811666,5658.877294,4391.496498,5661.453641,4394.168235,5664.138407;
BZ 4396.824238,5666.928941,4399.461888,5669.822490,4402.078581,5672.816198;
BZ 4404.671735,5675.907111,4407.238790,5679.092178,4409.777214,5682.368257;
BZ 4412.284501,5685.732113,4414.758176,5689.180428,4417.195799,5692.709798;
BZ 4419.594964,5696.316740,4421.953303,5699.997695,4424.268489,5703.749030;
BZ 4426.538237,5707.567042,4428.760307,5711.447965,4430.932506,5715.387967;
BZ 4433.052691,5719.383161,4435.118768,5723.429603,4437.128700,5727.523302;
BZ 4439.080502,5731.660215,4440.972248,5735.836261,4442.802072,5740.047319;
BZ 4444.568168,5744.289233,4446.268792,5748.557816,4447.902266,5752.848856;
BZ 4449.466979,5757.158119,4450.961386,5761.481350,4452.384012,5765.814285;
BZ 4453.733454,5770.152647,4455.008379,5774.492154,4456.207529,5778.828524;
BZ 4457.329722,5783.157477,4458.373849,5787.474742,4459.338881,5791.776057;
BZ 4460.223864,5796.057178,4461.027925,5800.313880,4461.750272,5804.541961;
BZ 4462.390190,5808.737250,4462.947049,5812.895606,4463.420299,5817.012926;
BZ 4463.809472,5821.085145,4464.114186,5825.108246,4464.334138,5829.078258;
BZ 4464.469113,5832.991262,4464.518976,5836.843398,4464.483679,5840.630863;
BZ 4464.363257,5844.349921,4464.157828,5847.996900,4463.867595,5851.568202;
BZ 4463.492844,5855.060302,4463.033946,5858.469753,4462.491352,5861.793192;
BZ 4461.865600,5865.027338,4461.157305,5868.169000,4460.367168,5871.215077;
BZ 4459.495968,5874.162563,4458.544565,5877.008549,4457.513897,5879.750226;
BZ 4456.404982,5882.384890,4455.218914,5884.909939,4453.956863,5887.322882;
BZ 4452.620076,5889.621338,4451.209872,5891.803038,4449.727641,5893.865829;
BZ 4448.174847,5895.807675,4446.553023,5897.626661,4444.863768,5899.320991;
BZ 4443.108751,5900.888992,4441.289702,5902.329118,4439.408418,5903.639947;
BZ 4437.466754,5904.820186,4435.466627,5905.868670,4433.410011,5906.784364;
PM 2;
SP 2;
FP;
SP 1;
PU 4371.725418 5224.188949;
PM 0;
PU 4371.725418 5224.188949;
PU 4513.657467 5387.823634;
PU 4513.657467 5082.256900;
PU 4371.725418 5224.188949;
PM 2;
SP 3;
FP;
SP 1;
%1A

